1.034219617e-07
4.136731386e-07
9.307094157e-07
1.654457289e-06
2.584813887e-06
3.721647000e-06
5.064795112e-06
6.614067434e-06
8.369243952e-06
1.033007547e-05
1.249628364e-05
1.486756107e-05
1.744357133e-05
2.022394904e-05
2.320829993e-05
2.639620093e-05
2.978720024e-05
3.338081739e-05
3.717654336e-05
4.117384067e-05
4.537214346e-05
4.977085757e-05
5.436936070e-05
5.916700248e-05
6.416310459e-05
6.935696090e-05
7.474783755e-05
8.033497311e-05
8.611757870e-05
9.209483815e-05
9.826590809e-05
1.046299181e-04
1.111859710e-04
1.179331427e-04
1.248704827e-04
1.319970140e-04
1.393117334e-04
1.468136115e-04
1.545015933e-04
1.623745976e-04
1.704315182e-04
1.786712231e-04
1.870925553e-04
1.956943328e-04
2.044753488e-04
2.134343721e-04
2.225701468e-04
2.318813931e-04
2.413668070e-04
2.510250610e-04
2.608548038e-04
2.708546611e-04
2.810232354e-04
2.913591061e-04
3.018608304e-04
3.125269428e-04
3.233559559e-04
3.343463601e-04
3.454966244e-04
3.568051964e-04
3.682705024e-04
3.798909479e-04
3.916649177e-04
4.035907762e-04
4.156668679e-04
4.278915172e-04
4.402630290e-04
4.527796890e-04
4.654397638e-04
4.782415014e-04
4.911831310e-04
5.042628639e-04
5.174788935e-04
5.308293956e-04
5.443125285e-04
5.579264338e-04
5.716692362e-04
5.855390439e-04
5.995339491e-04
6.136520284e-04
6.278913425e-04
6.422499372e-04
6.567258433e-04
6.713170771e-04
6.860216406e-04
7.008375219e-04
7.157626954e-04
7.307951223e-04
7.459327509e-04
7.611735166e-04
7.765153428e-04
7.919561407e-04
8.074938099e-04
8.231262385e-04
8.388513040e-04
8.546668729e-04
8.705708014e-04
8.865609359e-04
9.026351130e-04
9.187911599e-04
9.350268951e-04
9.513401281e-04
9.677286605e-04
9.841902858e-04
1.000722790e-03
1.017323951e-03
1.033991541e-03
1.050723325e-03
1.067517063e-03
1.084370506e-03
1.101281403e-03
1.118247496e-03
1.135266523e-03
1.152336216e-03
1.169454305e-03
1.186618514e-03
1.203826566e-03
1.221076180e-03
1.238365070e-03
1.255690951e-03
1.273051535e-03
1.290444531e-03
1.307867648e-03
1.325318594e-03
1.342795076e-03
1.360294801e-03
1.377815475e-03
1.395354806e-03
1.412910502e-03
1.430480272e-03
1.448061828e-03
1.465652881e-03
1.483251147e-03
1.500854343e-03
1.518460189e-03
1.536066409e-03
1.553670730e-03
1.571270882e-03
1.588864601e-03
1.606449627e-03
1.624023704e-03
1.641584583e-03
1.659130018e-03
1.676657772e-03
1.694165612e-03
1.711651313e-03
1.729112656e-03
1.746547430e-03
1.763953431e-03
1.781328463e-03
1.798670339e-03
1.815976880e-03
1.833245916e-03
1.850475286e-03
1.867662838e-03
1.884806433e-03
1.901903937e-03
1.918953231e-03
1.935952204e-03
1.952898759e-03
1.969790807e-03
1.986626273e-03
2.003403093e-03
2.020119216e-03
2.036772603e-03
2.053361229e-03
2.069883082e-03
2.086336161e-03
2.102718483e-03
2.119028075e-03
2.135262982e-03
2.151421260e-03
2.167500984e-03
2.183500240e-03
2.199417133e-03
2.215249782e-03
2.230996322e-03
2.246654904e-03
2.262223697e-03
2.277700885e-03
2.293084671e-03
2.308373274e-03
2.323564931e-03
2.338657895e-03
2.353650441e-03
2.368540858e-03
2.383327456e-03
2.398008564e-03
2.412582529e-03
2.427047716e-03
2.441402513e-03
2.455645324e-03
2.469774575e-03
2.483788711e-03
2.497686199e-03
2.511465524e-03
2.525125194e-03
2.538663736e-03
2.552079699e-03
2.565371655e-03
2.578538194e-03
2.591577930e-03
2.604489499e-03
2.617271558e-03
2.629922786e-03
2.642441887e-03
2.654827583e-03
2.667078623e-03
2.679193777e-03
2.691171837e-03
2.703011621e-03
2.714711968e-03
2.726271741e-03
2.737689827e-03
2.748965137e-03
2.760096604e-03
2.771083188e-03
2.781923872e-03
2.792617661e-03
2.803163587e-03
2.813560706e-03
2.823808099e-03
2.833904870e-03
2.843850149e-03
2.853643092e-03
2.863282877e-03
2.872768710e-03
2.882099820e-03
2.891275464e-03
2.900294921e-03
2.909157498e-03
2.917862525e-03
2.926409361e-03
2.934797388e-03
2.943026014e-03
2.951094672e-03
2.959002824e-03
2.966749953e-03
2.974335573e-03
2.981759219e-03
2.989020456e-03
2.996118871e-03
3.003054081e-03
3.009825726e-03
3.016433473e-03
3.022877015e-03
3.029156071e-03
3.035270387e-03
3.041219733e-03
3.047003907e-03
3.052622731e-03
3.058076054e-03
3.063363752e-03
3.068485725e-03
3.073441901e-03
3.078232231e-03
3.082856695e-03
3.087315298e-03
3.091608068e-03
3.095735063e-03
3.099696364e-03
3.103492078e-03
3.107122338e-03
3.110587303e-03
3.113887155e-03
3.117022105e-03
3.119992387e-03
3.122798260e-03
3.125440010e-03
3.127917946e-03
3.130232404e-03
3.132383742e-03
3.134372346e-03
3.136198625e-03
3.137863013e-03
3.139365968e-03
3.140707972e-03
3.141889533e-03
3.142911182e-03
3.143773474e-03
3.144476987e-03
3.145022326e-03
3.145410115e-03
3.145641005e-03
3.145715668e-03
3.145634803e-03
3.145399127e-03
3.145009383e-03
3.144466337e-03
3.143770776e-03
3.142923511e-03
3.141925373e-03
3.140777218e-03
3.139479921e-03
3.138034382e-03
3.136441520e-03
3.134702276e-03
3.132817614e-03
3.130788515e-03
3.128615986e-03
3.126301051e-03
3.123844755e-03
3.121248165e-03
3.118512367e-03
3.115638466e-03
3.112627587e-03
3.109480876e-03
3.106199497e-03
3.102784632e-03
3.099237485e-03
3.095559275e-03
3.091751242e-03
3.087814642e-03
3.083750752e-03
3.079560862e-03
3.075246284e-03
3.070808345e-03
3.066248389e-03
3.061567778e-03
3.056767889e-03
3.051850115e-03
3.046815867e-03
3.041666571e-03
3.036403667e-03
3.031028612e-03
3.025542878e-03
3.019947950e-03
3.014245329e-03
3.008436529e-03
3.002523081e-03
2.996506525e-03
2.990388419e-03
2.984170330e-03
2.977853842e-03
2.971440549e-03
2.964932057e-03
2.958329985e-03
2.951635965e-03
2.944851638e-03
2.937978658e-03
2.931018690e-03
2.923973408e-03
2.916844499e-03
2.909633657e-03
2.902342588e-03
2.894973007e-03
2.887526638e-03
2.880005214e-03
2.872410478e-03
2.864744178e-03
2.857008073e-03
2.849203929e-03
2.841333520e-03
2.833398626e-03
2.825401034e-03
2.817342539e-03
2.809224940e-03
2.801050045e-03
2.792819665e-03
2.784535617e-03
2.776199724e-03
2.767813813e-03
2.759379716e-03
2.750899269e-03
2.742374311e-03
2.733806687e-03
2.725198242e-03
2.716550826e-03
2.707866291e-03
2.699146492e-03
2.690393286e-03
2.681608532e-03
2.672794088e-03
2.663951816e-03
2.655083578e-03
2.646191236e-03
2.637276653e-03
2.628341692e-03
2.619388214e-03
2.610418082e-03
2.601433155e-03
2.592435294e-03
2.583426356e-03
2.574408196e-03
2.565382668e-03
2.556351624e-03
2.547316912e-03
2.538280378e-03
2.529243863e-03
2.520209205e-03
2.511178239e-03
2.502152796e-03
2.493134700e-03
2.484125772e-03
2.475127829e-03
2.466142680e-03
2.457172129e-03
2.448217975e-03
2.439282010e-03
2.430366021e-03
2.421471784e-03
2.412601073e-03
2.403755651e-03
2.394937274e-03
2.386147692e-03
2.377388644e-03
2.368661861e-03
2.359969068e-03
2.351311977e-03
2.342692293e-03
2.334111710e-03
2.325571914e-03
2.317074578e-03
2.308621368e-03
2.300213937e-03
2.291853928e-03
2.283542971e-03
2.275282686e-03
2.267074683e-03
2.258920556e-03
2.250821890e-03
2.242780257e-03
2.234797214e-03
2.226874309e-03
2.219013072e-03
2.211215023e-03
2.203481669e-03
2.195814499e-03
2.188214991e-03
2.180684608e-03
2.173224798e-03
2.165836995e-03
2.158522616e-03
2.151283065e-03
2.144119729e-03
2.137033979e-03
2.130027172e-03
2.123100646e-03
2.116255725e-03
2.109493715e-03
2.102815906e-03
2.096223571e-03
2.089717965e-03
2.083300327e-03
2.076971876e-03
2.070733816e-03
2.064587332e-03
2.058533590e-03
2.052573738e-03
2.046708906e-03
2.040940206e-03
2.035268730e-03
2.029695550e-03
2.024221722e-03
2.018848279e-03
2.013576237e-03
2.008406592e-03
2.003340318e-03
1.998378373e-03
1.993521690e-03
1.988771186e-03
1.984127755e-03
1.979592272e-03
1.975165590e-03
1.970848542e-03
1.966641940e-03
1.962546574e-03
1.958563214e-03
1.954692609e-03
1.950935484e-03
1.947292546e-03
1.943764477e-03
1.940351940e-03
1.937055574e-03
1.933875998e-03
1.930813806e-03
1.927869574e-03
1.925043851e-03
1.922337168e-03
1.919750031e-03
1.917282925e-03
1.914936310e-03
1.912710627e-03
1.910606290e-03
1.908623695e-03
1.906763210e-03
1.905025186e-03
1.903409945e-03
1.901917790e-03
1.900549000e-03
1.899303831e-03
1.898182515e-03
1.897185261e-03
1.896312257e-03
1.895563664e-03
1.894939623e-03
1.894440250e-03
1.894065639e-03
1.893815860e-03
1.893690958e-03
1.893690958e-03
1.893815860e-03
1.894065639e-03
1.894440250e-03
1.894939623e-03
1.895563664e-03
1.896312257e-03
1.897185261e-03
1.898182515e-03
1.899303831e-03
1.900549000e-03
1.901917790e-03
1.903409945e-03
1.905025186e-03
1.906763210e-03
1.908623695e-03
1.910606290e-03
1.912710627e-03
1.914936310e-03
1.917282925e-03
1.919750031e-03
1.922337168e-03
1.925043851e-03
1.927869574e-03
1.930813806e-03
1.933875998e-03
1.937055574e-03
1.940351940e-03
1.943764477e-03
1.947292546e-03
1.950935484e-03
1.954692609e-03
1.958563214e-03
1.962546574e-03
1.966641940e-03
1.970848542e-03
1.975165590e-03
1.979592272e-03
1.984127755e-03
1.988771186e-03
1.993521690e-03
1.998378373e-03
2.003340318e-03
2.008406592e-03
2.013576237e-03
2.018848279e-03
2.024221722e-03
2.029695550e-03
2.035268730e-03
2.040940206e-03
2.046708906e-03
2.052573738e-03
2.058533590e-03
2.064587332e-03
2.070733816e-03
2.076971876e-03
2.083300327e-03
2.089717965e-03
2.096223571e-03
2.102815906e-03
2.109493715e-03
2.116255725e-03
2.123100646e-03
2.130027172e-03
2.137033979e-03
2.144119729e-03
2.151283065e-03
2.158522616e-03
2.165836995e-03
2.173224798e-03
2.180684608e-03
2.188214991e-03
2.195814499e-03
2.203481669e-03
2.211215023e-03
2.219013072e-03
2.226874309e-03
2.234797214e-03
2.242780257e-03
2.250821890e-03
2.258920556e-03
2.267074683e-03
2.275282686e-03
2.283542971e-03
2.291853928e-03
2.300213937e-03
2.308621368e-03
2.317074578e-03
2.325571914e-03
2.334111710e-03
2.342692293e-03
2.351311977e-03
2.359969068e-03
2.368661861e-03
2.377388644e-03
2.386147692e-03
2.394937274e-03
2.403755651e-03
2.412601073e-03
2.421471784e-03
2.430366021e-03
2.439282010e-03
2.448217975e-03
2.457172129e-03
2.466142680e-03
2.475127829e-03
2.484125772e-03
2.493134700e-03
2.502152796e-03
2.511178239e-03
2.520209205e-03
2.529243863e-03
2.538280378e-03
2.547316912e-03
2.556351624e-03
2.565382668e-03
2.574408196e-03
2.583426356e-03
2.592435294e-03
2.601433155e-03
2.610418082e-03
2.619388214e-03
2.628341692e-03
2.637276653e-03
2.646191236e-03
2.655083578e-03
2.663951816e-03
2.672794088e-03
2.681608532e-03
2.690393286e-03
2.699146492e-03
2.707866291e-03
2.716550826e-03
2.725198242e-03
2.733806687e-03
2.742374311e-03
2.750899269e-03
2.759379716e-03
2.767813813e-03
2.776199724e-03
2.784535617e-03
2.792819665e-03
2.801050045e-03
2.809224940e-03
2.817342539e-03
2.825401034e-03
2.833398626e-03
2.841333520e-03
2.849203929e-03
2.857008073e-03
2.864744178e-03
2.872410478e-03
2.880005214e-03
2.887526638e-03
2.894973007e-03
2.902342588e-03
2.909633657e-03
2.916844499e-03
2.923973408e-03
2.931018690e-03
2.937978658e-03
2.944851638e-03
2.951635965e-03
2.958329985e-03
2.964932057e-03
2.971440549e-03
2.977853842e-03
2.984170330e-03
2.990388419e-03
2.996506525e-03
3.002523081e-03
3.008436529e-03
3.014245329e-03
3.019947950e-03
3.025542878e-03
3.031028612e-03
3.036403667e-03
3.041666571e-03
3.046815867e-03
3.051850115e-03
3.056767889e-03
3.061567778e-03
3.066248389e-03
3.070808345e-03
3.075246284e-03
3.079560862e-03
3.083750752e-03
3.087814642e-03
3.091751242e-03
3.095559275e-03
3.099237485e-03
3.102784632e-03
3.106199497e-03
3.109480876e-03
3.112627587e-03
3.115638466e-03
3.118512367e-03
3.121248165e-03
3.123844755e-03
3.126301051e-03
3.128615986e-03
3.130788515e-03
3.132817614e-03
3.134702276e-03
3.136441520e-03
3.138034382e-03
3.139479921e-03
3.140777218e-03
3.141925373e-03
3.142923511e-03
3.143770776e-03
3.144466337e-03
3.145009383e-03
3.145399127e-03
3.145634803e-03
3.145715668e-03
3.145641005e-03
3.145410115e-03
3.145022326e-03
3.144476987e-03
3.143773474e-03
3.142911182e-03
3.141889533e-03
3.140707972e-03
3.139365967e-03
3.137863013e-03
3.136198625e-03
3.134372346e-03
3.132383742e-03
3.130232404e-03
3.127917946e-03
3.125440010e-03
3.122798260e-03
3.119992387e-03
3.117022105e-03
3.113887155e-03
3.110587303e-03
3.107122338e-03
3.103492078e-03
3.099696364e-03
3.095735063e-03
3.091608068e-03
3.087315298e-03
3.082856695e-03
3.078232231e-03
3.073441901e-03
3.068485725e-03
3.063363752e-03
3.058076054e-03
3.052622731e-03
3.047003907e-03
3.041219733e-03
3.035270387e-03
3.029156071e-03
3.022877015e-03
3.016433473e-03
3.009825726e-03
3.003054081e-03
2.996118871e-03
2.989020456e-03
2.981759219e-03
2.974335573e-03
2.966749953e-03
2.959002824e-03
2.951094672e-03
2.943026014e-03
2.934797388e-03
2.926409361e-03
2.917862525e-03
2.909157497e-03
2.900294921e-03
2.891275464e-03
2.882099820e-03
2.872768710e-03
2.863282877e-03
2.853643092e-03
2.843850149e-03
2.833904870e-03
2.823808099e-03
2.813560706e-03
2.803163587e-03
2.792617661e-03
2.781923872e-03
2.771083188e-03
2.760096604e-03
2.748965137e-03
2.737689827e-03
2.726271741e-03
2.714711968e-03
2.703011621e-03
2.691171837e-03
2.679193777e-03
2.667078623e-03
2.654827583e-03
2.642441887e-03
2.629922786e-03
2.617271558e-03
2.604489499e-03
2.591577930e-03
2.578538194e-03
2.565371655e-03
2.552079699e-03
2.538663736e-03
2.525125194e-03
2.511465524e-03
2.497686199e-03
2.483788711e-03
2.469774575e-03
2.455645324e-03
2.441402513e-03
2.427047716e-03
2.412582529e-03
2.398008564e-03
2.383327456e-03
2.368540858e-03
2.353650441e-03
2.338657895e-03
2.323564931e-03
2.308373274e-03
2.293084671e-03
2.277700885e-03
2.262223697e-03
2.246654904e-03
2.230996322e-03
2.215249782e-03
2.199417133e-03
2.183500240e-03
2.167500984e-03
2.151421260e-03
2.135262982e-03
2.119028075e-03
2.102718483e-03
2.086336161e-03
2.069883082e-03
2.053361229e-03
2.036772603e-03
2.020119216e-03
2.003403093e-03
1.986626273e-03
1.969790807e-03
1.952898759e-03
1.935952204e-03
1.918953231e-03
1.901903937e-03
1.884806432e-03
1.867662838e-03
1.850475286e-03
1.833245916e-03
1.815976880e-03
1.798670339e-03
1.781328463e-03
1.763953431e-03
1.746547430e-03
1.729112656e-03
1.711651313e-03
1.694165612e-03
1.676657772e-03
1.659130018e-03
1.641584583e-03
1.624023704e-03
1.606449627e-03
1.588864601e-03
1.571270882e-03
1.553670730e-03
1.536066409e-03
1.518460189e-03
1.500854343e-03
1.483251147e-03
1.465652881e-03
1.448061828e-03
1.430480272e-03
1.412910502e-03
1.395354806e-03
1.377815475e-03
1.360294801e-03
1.342795076e-03
1.325318594e-03
1.307867648e-03
1.290444531e-03
1.273051535e-03
1.255690951e-03
1.238365070e-03
1.221076180e-03
1.203826566e-03
1.186618514e-03
1.169454305e-03
1.152336216e-03
1.135266523e-03
1.118247496e-03
1.101281403e-03
1.084370506e-03
1.067517063e-03
1.050723325e-03
1.033991541e-03
1.017323951e-03
1.000722790e-03
9.841902858e-04
9.677286605e-04
9.513401281e-04
9.350268951e-04
9.187911599e-04
9.026351130e-04
8.865609359e-04
8.705708014e-04
8.546668729e-04
8.388513040e-04
8.231262385e-04
8.074938099e-04
7.919561407e-04
7.765153428e-04
7.611735166e-04
7.459327509e-04
7.307951223e-04
7.157626954e-04
7.008375219e-04
6.860216406e-04
6.713170771e-04
6.567258433e-04
6.422499372e-04
6.278913425e-04
6.136520284e-04
5.995339491e-04
5.855390439e-04
5.716692362e-04
5.579264338e-04
5.443125285e-04
5.308293956e-04
5.174788935e-04
5.042628639e-04
4.911831310e-04
4.782415013e-04
4.654397638e-04
4.527796890e-04
4.402630290e-04
4.278915172e-04
4.156668679e-04
4.035907762e-04
3.916649177e-04
3.798909479e-04
3.682705024e-04
3.568051964e-04
3.454966244e-04
3.343463601e-04
3.233559559e-04
3.125269428e-04
3.018608304e-04
2.913591061e-04
2.810232354e-04
2.708546611e-04
2.608548038e-04
2.510250610e-04
2.413668070e-04
2.318813931e-04
2.225701468e-04
2.134343721e-04
2.044753488e-04
1.956943328e-04
1.870925553e-04
1.786712231e-04
1.704315182e-04
1.623745976e-04
1.545015933e-04
1.468136115e-04
1.393117334e-04
1.319970140e-04
1.248704827e-04
1.179331427e-04
1.111859710e-04
1.046299181e-04
9.826590809e-05
9.209483815e-05
8.611757870e-05
8.033497311e-05
7.474783755e-05
6.935696090e-05
6.416310459e-05
5.916700248e-05
5.436936070e-05
4.977085757e-05
4.537214346e-05
4.117384067e-05
3.717654336e-05
3.338081739e-05
2.978720024e-05
2.639620093e-05
2.320829993e-05
2.022394904e-05
1.744357133e-05
1.486756107e-05
1.249628364e-05
1.033007547e-05
8.369243952e-06
6.614067434e-06
5.064795111e-06
3.721647000e-06
2.584813887e-06
1.654457289e-06
9.307094157e-07
4.136731386e-07
1.034219617e-07
