1.500099604e-04 2.883888466e-04
3.000176261e-04 5.767652831e-04
4.500207109e-04 8.651169166e-04
6.000169347e-04 1.153431367e-03
7.500040220e-04 1.441696263e-03
8.999797006e-04 1.729899243e-03
1.049941702e-03 2.018027954e-03
1.199887758e-03 2.306070050e-03
1.349815607e-03 2.594013192e-03
1.499722985e-03 2.881845051e-03
1.649607635e-03 3.169553308e-03
1.799467300e-03 3.457125651e-03
1.949299727e-03 3.744549781e-03
2.099102665e-03 4.031813408e-03
2.248873867e-03 4.318904256e-03
2.398611088e-03 4.605810062e-03
2.548312089e-03 4.892518573e-03
2.697974630e-03 5.179017554e-03
2.847596479e-03 5.465294780e-03
2.997175405e-03 5.751338046e-03
3.146709180e-03 6.037135160e-03
3.296195582e-03 6.322673945e-03
3.445632392e-03 6.607942243e-03
3.595017392e-03 6.892927912e-03
3.744348372e-03 7.177618829e-03
3.893623123e-03 7.462002889e-03
4.042839440e-03 7.746068004e-03
4.191995124e-03 8.029802108e-03
4.341087977e-03 8.313193153e-03
4.490115807e-03 8.596229113e-03
4.639076426e-03 8.878897981e-03
4.787967648e-03 9.161187773e-03
4.936787293e-03 9.443086526e-03
5.085533186e-03 9.724582301e-03
5.234203153e-03 1.000566318e-02
5.382795027e-03 1.028631727e-02
5.531306644e-03 1.056653270e-02
5.679735846e-03 1.084629763e-02
5.828080475e-03 1.112560023e-02
5.976338383e-03 1.140442872e-02
6.124507423e-03 1.168277132e-02
6.272585453e-03 1.196061630e-02
6.420570336e-03 1.223795193e-02
6.568459939e-03 1.251476654e-02
6.716252135e-03 1.279104846e-02
6.863944800e-03 1.306678606e-02
7.011535816e-03 1.334196775e-02
7.159023068e-03 1.361658196e-02
7.306404449e-03 1.389061714e-02
7.453677853e-03 1.416406178e-02
7.600841182e-03 1.443690441e-02
7.747892342e-03 1.470913357e-02
7.894829242e-03 1.498073787e-02
8.041649799e-03 1.525170591e-02
8.188351934e-03 1.552202634e-02
8.334933573e-03 1.579168785e-02
8.481392647e-03 1.606067917e-02
8.627727092e-03 1.632898904e-02
8.773934850e-03 1.659660626e-02
8.920013868e-03 1.686351965e-02
9.065962099e-03 1.712971807e-02
9.211777500e-03 1.739519043e-02
9.357458034e-03 1.765992565e-02
9.503001669e-03 1.792391271e-02
9.648406381e-03 1.818714062e-02
9.793670149e-03 1.844959843e-02
9.938790958e-03 1.871127524e-02
1.008376680e-02 1.897216016e-02
1.022859567e-02 1.923224238e-02
1.037327557e-02 1.949151109e-02
1.051780451e-02 1.974995555e-02
1.066218051e-02 2.000756504e-02
1.080640158e-02 2.026432891e-02
1.095046575e-02 2.052023652e-02
1.109437105e-02 2.077527731e-02
1.123811552e-02 2.102944071e-02
1.138169720e-02 2.128271626e-02
1.152511415e-02 2.153509348e-02
1.166836442e-02 2.178656198e-02
1.181144607e-02 2.203711140e-02
1.195435717e-02 2.228673141e-02
1.209709579e-02 2.253541176e-02
1.223966003e-02 2.278314221e-02
1.238204795e-02 2.302991260e-02
1.252425767e-02 2.327571278e-02
1.266628727e-02 2.352053269e-02
1.280813487e-02 2.376436228e-02
1.294979858e-02 2.400719158e-02
1.309127651e-02 2.424901063e-02
1.323256680e-02 2.448980957e-02
1.337366758e-02 2.472957855e-02
1.351457698e-02 2.496830778e-02
1.365529316e-02 2.520598753e-02
1.379581427e-02 2.544260811e-02
1.393613846e-02 2.567815989e-02
1.407626391e-02 2.591263328e-02
1.421618878e-02 2.614601876e-02
1.435591127e-02 2.637830685e-02
1.449542954e-02 2.660948812e-02
1.463474182e-02 2.683955320e-02
1.477384628e-02 2.706849278e-02
1.491274114e-02 2.729629758e-02
1.505142462e-02 2.752295841e-02
1.518989495e-02 2.774846611e-02
1.532815034e-02 2.797281158e-02
1.546618904e-02 2.819598577e-02
1.560400929e-02 2.841797970e-02
1.574160935e-02 2.863878445e-02
1.587898747e-02 2.885839112e-02
1.601614192e-02 2.907679091e-02
1.615307097e-02 2.929397506e-02
1.628977292e-02 2.950993487e-02
1.642624604e-02 2.972466169e-02
1.656248863e-02 2.993814694e-02
1.669849899e-02 3.015038209e-02
1.683427545e-02 3.036135868e-02
1.696981631e-02 3.057106829e-02
1.710511991e-02 3.077950258e-02
1.724018458e-02 3.098665327e-02
1.737500867e-02 3.119251212e-02
1.750959051e-02 3.139707097e-02
1.764392848e-02 3.160032172e-02
1.777802093e-02 3.180225632e-02
1.791186625e-02 3.200286679e-02
1.804546281e-02 3.220214522e-02
1.817880901e-02 3.240008374e-02
1.831190323e-02 3.259667456e-02
1.844474389e-02 3.279190995e-02
1.857732941e-02 3.298578224e-02
1.870965820e-02 3.317828383e-02
1.884172869e-02 3.336940717e-02
1.897353933e-02 3.355914481e-02
1.910508855e-02 3.374748931e-02
1.923637482e-02 3.393443333e-02
1.936739659e-02 3.411996960e-02
1.949815235e-02 3.430409090e-02
1.962864056e-02 3.448679007e-02
1.975885971e-02 3.466806004e-02
1.988880832e-02 3.484789378e-02
2.001848486e-02 3.502628434e-02
2.014788787e-02 3.520322484e-02
2.027701587e-02 3.537870846e-02
2.040586737e-02 3.555272844e-02
2.053444093e-02 3.572527811e-02
2.066273509e-02 3.589635084e-02
2.079074841e-02 3.606594009e-02
2.091847944e-02 3.623403938e-02
2.104592677e-02 3.640064230e-02
2.117308898e-02 3.656574250e-02
2.129996465e-02 3.672933371e-02
2.142655239e-02 3.689140973e-02
2.155285081e-02 3.705196441e-02
2.167885851e-02 3.721099170e-02
2.180457414e-02 3.736848559e-02
2.192999632e-02 3.752444017e-02
2.205512369e-02 3.767884956e-02
2.217995491e-02 3.783170799e-02
2.230448865e-02 3.798300973e-02
2.242872356e-02 3.813274916e-02
2.255265834e-02 3.828092068e-02
2.267629167e-02 3.842751880e-02
2.279962224e-02 3.857253808e-02
2.292264876e-02 3.871597316e-02
2.304536996e-02 3.885781876e-02
2.316778455e-02 3.899806966e-02
2.328989126e-02 3.913672070e-02
2.341168885e-02 3.927376683e-02
2.353317606e-02 3.940920303e-02
2.365435166e-02 3.954302438e-02
2.377521441e-02 3.967522602e-02
2.389576310e-02 3.980580318e-02
2.401599651e-02 3.993475112e-02
2.413591344e-02 4.006206523e-02
2.425551270e-02 4.018774093e-02
2.437479312e-02 4.031177374e-02
2.449375350e-02 4.043415923e-02
2.461239270e-02 4.055489306e-02
2.473070955e-02 4.067397096e-02
2.484870291e-02 4.079138874e-02
2.496637165e-02 4.090714226e-02
2.508371463e-02 4.102122748e-02
2.520073074e-02 4.113364042e-02
2.531741888e-02 4.124437718e-02
2.543377794e-02 4.135343394e-02
2.554980683e-02 4.146080694e-02
2.566550448e-02 4.156649250e-02
2.578086982e-02 4.167048701e-02
2.589590179e-02 4.177278696e-02
2.601059933e-02 4.187338888e-02
2.612496141e-02 4.197228939e-02
2.623898699e-02 4.206948519e-02
2.635267506e-02 4.216497304e-02
2.646602460e-02 4.225874979e-02
2.657903461e-02 4.235081236e-02
2.669170409e-02 4.244115775e-02
2.680403206e-02 4.252978301e-02
2.691601755e-02 4.261668530e-02
2.702765960e-02 4.270186183e-02
2.713895725e-02 4.278530990e-02
2.724990956e-02 4.286702688e-02
2.736051559e-02 4.294701021e-02
2.747077442e-02 4.302525742e-02
2.758068513e-02 4.310176609e-02
2.769024681e-02 4.317653389e-02
2.779945858e-02 4.324955858e-02
2.790831954e-02 4.332083797e-02
2.801682882e-02 4.339036996e-02
2.812498556e-02 4.345815252e-02
2.823278889e-02 4.352418369e-02
2.834023797e-02 4.358846160e-02
2.844733196e-02 4.365098445e-02
2.855407003e-02 4.371175050e-02
2.866045138e-02 4.377075810e-02
2.876647518e-02 4.382800569e-02
2.887214064e-02 4.388349174e-02
2.897744698e-02 4.393721485e-02
2.908239341e-02 4.398917364e-02
2.918697917e-02 4.403936686e-02
2.929120349e-02 4.408779328e-02
2.939506564e-02 4.413445180e-02
2.949856486e-02 4.417934134e-02
2.960170044e-02 4.422246095e-02
2.970447164e-02 4.426380971e-02
2.980687777e-02 4.430338679e-02
2.990891811e-02 4.434119144e-02
3.001059199e-02 4.437722299e-02
3.011189872e-02 4.441148082e-02
3.021283763e-02 4.444396442e-02
3.031340805e-02 4.447467331e-02
3.041360935e-02 4.450360712e-02
3.051344087e-02 4.453076554e-02
3.061290199e-02 4.455614834e-02
3.071199208e-02 4.457975536e-02
3.081071053e-02 4.460158652e-02
3.090905674e-02 4.462164179e-02
3.100703012e-02 4.463992124e-02
3.110463008e-02 4.465642501e-02
3.120185606e-02 4.467115331e-02
3.129870748e-02 4.468410642e-02
3.139518380e-02 4.469528468e-02
3.149128447e-02 4.470468853e-02
3.158700895e-02 4.471231847e-02
3.168235672e-02 4.471817508e-02
3.177732727e-02 4.472225899e-02
3.187192010e-02 4.472457093e-02
3.196613469e-02 4.472511169e-02
3.205997058e-02 4.472388213e-02
3.215342728e-02 4.472088318e-02
3.224650432e-02 4.471611585e-02
3.233920125e-02 4.470958122e-02
3.243151763e-02 4.470128044e-02
3.252345300e-02 4.469121473e-02
3.261500695e-02 4.467938539e-02
3.270617905e-02 4.466579377e-02
3.279696890e-02 4.465044131e-02
3.288737609e-02 4.463332951e-02
3.297740023e-02 4.461445996e-02
3.306704094e-02 4.459383429e-02
3.315629785e-02 4.457145421e-02
3.324517060e-02 4.454732153e-02
3.333365882e-02 4.452143808e-02
3.342176219e-02 4.449380580e-02
3.350948036e-02 4.446442668e-02
3.359681300e-02 4.443330278e-02
3.368375981e-02 4.440043623e-02
3.377032047e-02 4.436582924e-02
3.385649468e-02 4.432948406e-02
3.394228216e-02 4.429140304e-02
3.402768262e-02 4.425158859e-02
3.411269580e-02 4.421004317e-02
3.419732143e-02 4.416676932e-02
3.428155927e-02 4.412176966e-02
3.436540906e-02 4.407504685e-02
3.444887057e-02 4.402660364e-02
3.453194358e-02 4.397644284e-02
3.461462786e-02 4.392456731e-02
3.469692322e-02 4.387097999e-02
3.477882945e-02 4.381568391e-02
3.486034636e-02 4.375868211e-02
3.494147377e-02 4.369997775e-02
3.502221151e-02 4.363957401e-02
3.510255940e-02 4.357747418e-02
3.518251731e-02 4.351368157e-02
3.526208507e-02 4.344819959e-02
3.534126255e-02 4.338103168e-02
3.542004963e-02 4.331218138e-02
3.549844617e-02 4.324165227e-02
3.557645207e-02 4.316944800e-02
3.565406722e-02 4.309557228e-02
3.573129152e-02 4.302002889e-02
3.580812489e-02 4.294282165e-02
3.588456725e-02 4.286395447e-02
3.596061852e-02 4.278343132e-02
3.603627864e-02 4.270125620e-02
3.611154755e-02 4.261743320e-02
3.618642522e-02 4.253196648e-02
3.626091159e-02 4.244486022e-02
3.633500664e-02 4.235611869e-02
3.640871035e-02 4.226574623e-02
3.648202269e-02 4.217374720e-02
3.655494367e-02 4.208012606e-02
3.662747327e-02 4.198488730e-02
3.669961152e-02 4.188803549e-02
3.677135842e-02 4.178957524e-02
3.684271399e-02 4.168951122e-02
3.691367827e-02 4.158784819e-02
3.698425130e-02 4.148459091e-02
3.705443312e-02 4.137974425e-02
3.712422378e-02 4.127331311e-02
3.719362335e-02 4.116530245e-02
3.726263189e-02 4.105571728e-02
3.733124947e-02 4.094456269e-02
3.739947618e-02 4.083184379e-02
3.746731211e-02 4.071756577e-02
3.753475735e-02 4.060173387e-02
3.760181200e-02 4.048435339e-02
3.766847618e-02 4.036542966e-02
3.773475001e-02 4.024496809e-02
3.780063359e-02 4.012297414e-02
3.786612707e-02 3.999945330e-02
3.793123059e-02 3.987441114e-02
3.799594427e-02 3.974785326e-02
3.806026829e-02 3.961978534e-02
3.812420278e-02 3.949021309e-02
3.818774792e-02 3.935914226e-02
3.825090387e-02 3.922657869e-02
3.831367080e-02 3.909252823e-02
3.837604891e-02 3.895699680e-02
3.843803837e-02 3.881999038e-02
3.849963938e-02 3.868151497e-02
3.856085214e-02 3.854157665e-02
3.862167685e-02 3.840018152e-02
3.868211373e-02 3.825733575e-02
3.874216298e-02 3.811304556e-02
3.880182485e-02 3.796731720e-02
3.886109954e-02 3.782015697e-02
3.891998730e-02 3.767157123e-02
3.897848837e-02 3.752156637e-02
3.903660298e-02 3.737014886e-02
3.909433139e-02 3.721732516e-02
3.915167385e-02 3.706310183e-02
3.920863063e-02 3.690748544e-02
3.926520199e-02 3.675048262e-02
3.932138819e-02 3.659210003e-02
3.937718951e-02 3.643234441e-02
3.943260624e-02 3.627122250e-02
3.948763865e-02 3.610874110e-02
3.954228703e-02 3.594490706e-02
3.959655169e-02 3.577972727e-02
3.965043291e-02 3.561320865e-02
3.970393100e-02 3.544535819e-02
3.975704626e-02 3.527618288e-02
3.980977901e-02 3.510568978e-02
3.986212956e-02 3.493388599e-02
3.991409823e-02 3.476077865e-02
3.996568534e-02 3.458637491e-02
4.001689122e-02 3.441068201e-02
4.006771619e-02 3.423370719e-02
4.011816061e-02 3.405545775e-02
4.016822479e-02 3.387594101e-02
4.021790909e-02 3.369516434e-02
4.026721385e-02 3.351313515e-02
4.031613941e-02 3.332986089e-02
4.036468613e-02 3.314534902e-02
4.041285436e-02 3.295960708e-02
4.046064447e-02 3.277264261e-02
4.050805680e-02 3.258446321e-02
4.055509173e-02 3.239507649e-02
4.060174962e-02 3.220449011e-02
4.064803083e-02 3.201271178e-02
4.069393575e-02 3.181974922e-02
4.073946475e-02 3.162561020e-02
4.078461820e-02 3.143030250e-02
4.082939648e-02 3.123383397e-02
4.087379997e-02 3.103621246e-02
4.091782906e-02 3.083744587e-02
4.096148413e-02 3.063754212e-02
4.100476556e-02 3.043650919e-02
4.104767376e-02 3.023435505e-02
4.109020911e-02 3.003108773e-02
4.113237200e-02 2.982671529e-02
4.117416282e-02 2.962124581e-02
4.121558198e-02 2.941468740e-02
4.125662987e-02 2.920704820e-02
4.129730689e-02 2.899833640e-02
4.133761343e-02 2.878856019e-02
4.137754991e-02 2.857772780e-02
4.141711671e-02 2.836584750e-02
4.145631426e-02 2.815292756e-02
4.149514294e-02 2.793897631e-02
4.153360316e-02 2.772400209e-02
4.157169533e-02 2.750801327e-02
4.160941986e-02 2.729101824e-02
4.164677714e-02 2.707302543e-02
4.168376760e-02 2.685404328e-02
4.172039162e-02 2.663408027e-02
4.175664963e-02 2.641314490e-02
4.179254202e-02 2.619124570e-02
4.182806921e-02 2.596839121e-02
4.186323160e-02 2.574459000e-02
4.189802960e-02 2.551985069e-02
4.193246362e-02 2.529418187e-02
4.196653406e-02 2.506759221e-02
4.200024132e-02 2.484009037e-02
4.203358581e-02 2.461168503e-02
4.206656794e-02 2.438238492e-02
4.209918811e-02 2.415219877e-02
4.213144673e-02 2.392113533e-02
4.216334418e-02 2.368920338e-02
4.219488089e-02 2.345641173e-02
4.222605723e-02 2.322276919e-02
4.225687362e-02 2.298828460e-02
4.228733045e-02 2.275296683e-02
4.231742812e-02 2.251682476e-02
4.234716702e-02 2.227986728e-02
4.237654753e-02 2.204210331e-02
4.240557006e-02 2.180354181e-02
4.243423500e-02 2.156419172e-02
4.246254272e-02 2.132406202e-02
4.249049362e-02 2.108316170e-02
4.251808807e-02 2.084149978e-02
4.254532647e-02 2.059908529e-02
4.257220918e-02 2.035592728e-02
4.259873659e-02 2.011203480e-02
4.262490906e-02 1.986741694e-02
4.265072698e-02 1.962208280e-02
4.267619071e-02 1.937604150e-02
4.270130061e-02 1.912930215e-02
4.272605705e-02 1.888187391e-02
4.275046040e-02 1.863376594e-02
4.277451100e-02 1.838498741e-02
4.279820922e-02 1.813554751e-02
4.282155540e-02 1.788545545e-02
4.284454990e-02 1.763472045e-02
4.286719306e-02 1.738335174e-02
4.288948522e-02 1.713135857e-02
4.291142673e-02 1.687875019e-02
4.293301791e-02 1.662553589e-02
4.295425911e-02 1.637172495e-02
4.297515064e-02 1.611732667e-02
4.299569284e-02 1.586235036e-02
4.301588602e-02 1.560680534e-02
4.303573050e-02 1.535070096e-02
4.305522660e-02 1.509404656e-02
4.307437462e-02 1.483685150e-02
4.309317487e-02 1.457912515e-02
4.311162766e-02 1.432087690e-02
4.312973327e-02 1.406211613e-02
4.314749200e-02 1.380285225e-02
4.316490414e-02 1.354309468e-02
4.318196997e-02 1.328285283e-02
4.319868978e-02 1.302213615e-02
4.321506384e-02 1.276095407e-02
4.323109241e-02 1.249931605e-02
4.324677577e-02 1.223723155e-02
4.326211417e-02 1.197471004e-02
4.327710788e-02 1.171176100e-02
4.329175714e-02 1.144839392e-02
4.330606220e-02 1.118461830e-02
4.332002330e-02 1.092044364e-02
4.333364068e-02 1.065587945e-02
4.334691458e-02 1.039093525e-02
4.335984521e-02 1.012562058e-02
4.337243280e-02 9.859944970e-03
4.338467756e-02 9.593917956e-03
4.339657971e-02 9.327549091e-03
4.340813946e-02 9.060847930e-03
4.341935700e-02 8.793824035e-03
4.343023252e-02 8.526486976e-03
4.344076623e-02 8.258846326e-03
4.345095829e-02 7.990911665e-03
4.346080890e-02 7.722692581e-03
4.347031822e-02 7.454198663e-03
4.347948643e-02 7.185439509e-03
4.348831367e-02 6.916424720e-03
4.349680012e-02 6.647163903e-03
4.350494591e-02 6.377666669e-03
4.351275120e-02 6.107942634e-03
4.352021613e-02 5.838001418e-03
4.352734082e-02 5.567852644e-03
4.353412541e-02 5.297505941e-03
4.354057001e-02 5.026970940e-03
4.354667474e-02 4.756257277e-03
4.355243971e-02 4.485374589e-03
4.355786503e-02 4.214332520e-03
4.356295079e-02 3.943140713e-03
4.356769709e-02 3.671808816e-03
4.357210400e-02 3.400346479e-03
4.357617162e-02 3.128763355e-03
4.357990000e-02 2.857069098e-03
4.358328923e-02 2.585273365e-03
4.358633936e-02 2.313385815e-03
4.358905044e-02 2.041416108e-03
4.359142254e-02 1.769373907e-03
4.359345568e-02 1.497268874e-03
4.359514991e-02 1.225110673e-03
4.359650525e-02 9.529089715e-04
4.359752174e-02 6.806734342e-04
4.359819939e-02 4.084137281e-04
4.359853821e-02 1.361395207e-04
4.359853821e-02 -1.361395205e-04
4.359819939e-02 -4.084137279e-04
4.359752174e-02 -6.806734340e-04
4.359650525e-02 -9.529089714e-04
4.359514991e-02 -1.225110673e-03
4.359345568e-02 -1.497268873e-03
4.359142254e-02 -1.769373906e-03
4.358905044e-02 -2.041416108e-03
4.358633936e-02 -2.313385815e-03
4.358328923e-02 -2.585273365e-03
4.357990000e-02 -2.857069097e-03
4.357617162e-02 -3.128763354e-03
4.357210400e-02 -3.400346479e-03
4.356769709e-02 -3.671808816e-03
4.356295079e-02 -3.943140713e-03
4.355786503e-02 -4.214332520e-03
4.355243971e-02 -4.485374589e-03
4.354667474e-02 -4.756257276e-03
4.354057001e-02 -5.026970940e-03
4.353412541e-02 -5.297505941e-03
4.352734082e-02 -5.567852644e-03
4.352021613e-02 -5.838001418e-03
4.351275120e-02 -6.107942634e-03
4.350494591e-02 -6.377666669e-03
4.349680012e-02 -6.647163903e-03
4.348831367e-02 -6.916424720e-03
4.347948643e-02 -7.185439509e-03
4.347031822e-02 -7.454198663e-03
4.346080890e-02 -7.722692580e-03
4.345095829e-02 -7.990911665e-03
4.344076623e-02 -8.258846325e-03
4.343023252e-02 -8.526486976e-03
4.341935700e-02 -8.793824035e-03
4.340813946e-02 -9.060847929e-03
4.339657971e-02 -9.327549090e-03
4.338467756e-02 -9.593917956e-03
4.337243280e-02 -9.859944970e-03
4.335984521e-02 -1.012562058e-02
4.334691458e-02 -1.039093525e-02
4.333364068e-02 -1.065587945e-02
4.332002330e-02 -1.092044364e-02
4.330606220e-02 -1.118461830e-02
4.329175714e-02 -1.144839392e-02
4.327710788e-02 -1.171176100e-02
4.326211417e-02 -1.197471004e-02
4.324677577e-02 -1.223723155e-02
4.323109241e-02 -1.249931605e-02
4.321506384e-02 -1.276095407e-02
4.319868978e-02 -1.302213615e-02
4.318196997e-02 -1.328285283e-02
4.316490414e-02 -1.354309468e-02
4.314749200e-02 -1.380285225e-02
4.312973327e-02 -1.406211613e-02
4.311162766e-02 -1.432087690e-02
4.309317487e-02 -1.457912515e-02
4.307437462e-02 -1.483685150e-02
4.305522660e-02 -1.509404656e-02
4.303573050e-02 -1.535070096e-02
4.301588602e-02 -1.560680534e-02
4.299569284e-02 -1.586235036e-02
4.297515064e-02 -1.611732667e-02
4.295425911e-02 -1.637172495e-02
4.293301791e-02 -1.662553589e-02
4.291142673e-02 -1.687875019e-02
4.288948522e-02 -1.713135857e-02
4.286719306e-02 -1.738335174e-02
4.284454990e-02 -1.763472045e-02
4.282155540e-02 -1.788545545e-02
4.279820922e-02 -1.813554751e-02
4.277451100e-02 -1.838498741e-02
4.275046040e-02 -1.863376594e-02
4.272605705e-02 -1.888187391e-02
4.270130061e-02 -1.912930215e-02
4.267619071e-02 -1.937604150e-02
4.265072698e-02 -1.962208280e-02
4.262490906e-02 -1.986741694e-02
4.259873659e-02 -2.011203480e-02
4.257220918e-02 -2.035592728e-02
4.254532647e-02 -2.059908529e-02
4.251808807e-02 -2.084149978e-02
4.249049362e-02 -2.108316170e-02
4.246254272e-02 -2.132406202e-02
4.243423500e-02 -2.156419172e-02
4.240557006e-02 -2.180354181e-02
4.237654753e-02 -2.204210331e-02
4.234716702e-02 -2.227986728e-02
4.231742812e-02 -2.251682476e-02
4.228733045e-02 -2.275296683e-02
4.225687362e-02 -2.298828460e-02
4.222605723e-02 -2.322276919e-02
4.219488089e-02 -2.345641173e-02
4.216334418e-02 -2.368920338e-02
4.213144673e-02 -2.392113533e-02
4.209918811e-02 -2.415219877e-02
4.206656794e-02 -2.438238492e-02
4.203358581e-02 -2.461168503e-02
4.200024132e-02 -2.484009037e-02
4.196653406e-02 -2.506759221e-02
4.193246362e-02 -2.529418187e-02
4.189802960e-02 -2.551985069e-02
4.186323160e-02 -2.574459000e-02
4.182806921e-02 -2.596839121e-02
4.179254202e-02 -2.619124570e-02
4.175664963e-02 -2.641314490e-02
4.172039162e-02 -2.663408027e-02
4.168376760e-02 -2.685404328e-02
4.164677714e-02 -2.707302543e-02
4.160941986e-02 -2.729101824e-02
4.157169533e-02 -2.750801327e-02
4.153360316e-02 -2.772400209e-02
4.149514294e-02 -2.793897631e-02
4.145631426e-02 -2.815292756e-02
4.141711671e-02 -2.836584750e-02
4.137754991e-02 -2.857772780e-02
4.133761343e-02 -2.878856019e-02
4.129730689e-02 -2.899833640e-02
4.125662987e-02 -2.920704820e-02
4.121558198e-02 -2.941468740e-02
4.117416282e-02 -2.962124581e-02
4.113237200e-02 -2.982671529e-02
4.109020911e-02 -3.003108773e-02
4.104767376e-02 -3.023435505e-02
4.100476556e-02 -3.043650919e-02
4.096148413e-02 -3.063754212e-02
4.091782906e-02 -3.083744587e-02
4.087379997e-02 -3.103621246e-02
4.082939648e-02 -3.123383397e-02
4.078461820e-02 -3.143030250e-02
4.073946475e-02 -3.162561020e-02
4.069393575e-02 -3.181974922e-02
4.064803083e-02 -3.201271178e-02
4.060174962e-02 -3.220449011e-02
4.055509173e-02 -3.239507649e-02
4.050805680e-02 -3.258446321e-02
4.046064447e-02 -3.277264261e-02
4.041285436e-02 -3.295960708e-02
4.036468613e-02 -3.314534902e-02
4.031613941e-02 -3.332986089e-02
4.026721385e-02 -3.351313515e-02
4.021790909e-02 -3.369516434e-02
4.016822479e-02 -3.387594101e-02
4.011816061e-02 -3.405545775e-02
4.006771619e-02 -3.423370719e-02
4.001689122e-02 -3.441068201e-02
3.996568534e-02 -3.458637491e-02
3.991409823e-02 -3.476077865e-02
3.986212956e-02 -3.493388599e-02
3.980977901e-02 -3.510568978e-02
3.975704626e-02 -3.527618288e-02
3.970393100e-02 -3.544535819e-02
3.965043291e-02 -3.561320865e-02
3.959655169e-02 -3.577972727e-02
3.954228703e-02 -3.594490706e-02
3.948763865e-02 -3.610874110e-02
3.943260624e-02 -3.627122250e-02
3.937718951e-02 -3.643234441e-02
3.932138819e-02 -3.659210003e-02
3.926520199e-02 -3.675048262e-02
3.920863063e-02 -3.690748544e-02
3.915167385e-02 -3.706310183e-02
3.909433139e-02 -3.721732516e-02
3.903660298e-02 -3.737014886e-02
3.897848837e-02 -3.752156637e-02
3.891998730e-02 -3.767157123e-02
3.886109954e-02 -3.782015697e-02
3.880182485e-02 -3.796731720e-02
3.874216298e-02 -3.811304556e-02
3.868211373e-02 -3.825733575e-02
3.862167685e-02 -3.840018152e-02
3.856085214e-02 -3.854157665e-02
3.849963938e-02 -3.868151497e-02
3.843803837e-02 -3.881999038e-02
3.837604891e-02 -3.895699680e-02
3.831367080e-02 -3.909252823e-02
3.825090387e-02 -3.922657869e-02
3.818774792e-02 -3.935914226e-02
3.812420278e-02 -3.949021309e-02
3.806026829e-02 -3.961978534e-02
3.799594427e-02 -3.974785326e-02
3.793123059e-02 -3.987441114e-02
3.786612707e-02 -3.999945330e-02
3.780063359e-02 -4.012297414e-02
3.773475001e-02 -4.024496809e-02
3.766847618e-02 -4.036542966e-02
3.760181200e-02 -4.048435339e-02
3.753475735e-02 -4.060173387e-02
3.746731211e-02 -4.071756577e-02
3.739947618e-02 -4.083184379e-02
3.733124947e-02 -4.094456269e-02
3.726263189e-02 -4.105571728e-02
3.719362335e-02 -4.116530245e-02
3.712422378e-02 -4.127331311e-02
3.705443312e-02 -4.137974425e-02
3.698425130e-02 -4.148459091e-02
3.691367827e-02 -4.158784819e-02
3.684271399e-02 -4.168951123e-02
3.677135842e-02 -4.178957524e-02
3.669961152e-02 -4.188803549e-02
3.662747327e-02 -4.198488730e-02
3.655494367e-02 -4.208012606e-02
3.648202269e-02 -4.217374720e-02
3.640871035e-02 -4.226574623e-02
3.633500664e-02 -4.235611869e-02
3.626091159e-02 -4.244486022e-02
3.618642522e-02 -4.253196648e-02
3.611154755e-02 -4.261743320e-02
3.603627864e-02 -4.270125620e-02
3.596061852e-02 -4.278343132e-02
3.588456725e-02 -4.286395447e-02
3.580812489e-02 -4.294282165e-02
3.573129152e-02 -4.302002889e-02
3.565406722e-02 -4.309557228e-02
3.557645207e-02 -4.316944800e-02
3.549844617e-02 -4.324165227e-02
3.542004963e-02 -4.331218138e-02
3.534126255e-02 -4.338103168e-02
3.526208507e-02 -4.344819959e-02
3.518251731e-02 -4.351368157e-02
3.510255940e-02 -4.357747418e-02
3.502221151e-02 -4.363957401e-02
3.494147377e-02 -4.369997775e-02
3.486034636e-02 -4.375868211e-02
3.477882945e-02 -4.381568391e-02
3.469692322e-02 -4.387097999e-02
3.461462786e-02 -4.392456731e-02
3.453194358e-02 -4.397644284e-02
3.444887057e-02 -4.402660364e-02
3.436540906e-02 -4.407504685e-02
3.428155927e-02 -4.412176966e-02
3.419732143e-02 -4.416676932e-02
3.411269580e-02 -4.421004317e-02
3.402768262e-02 -4.425158859e-02
3.394228216e-02 -4.429140304e-02
3.385649468e-02 -4.432948406e-02
3.377032047e-02 -4.436582924e-02
3.368375981e-02 -4.440043623e-02
3.359681300e-02 -4.443330278e-02
3.350948036e-02 -4.446442668e-02
3.342176219e-02 -4.449380580e-02
3.333365882e-02 -4.452143808e-02
3.324517060e-02 -4.454732153e-02
3.315629785e-02 -4.457145422e-02
3.306704094e-02 -4.459383429e-02
3.297740023e-02 -4.461445996e-02
3.288737609e-02 -4.463332951e-02
3.279696890e-02 -4.465044131e-02
3.270617905e-02 -4.466579377e-02
3.261500695e-02 -4.467938539e-02
3.252345300e-02 -4.469121473e-02
3.243151763e-02 -4.470128044e-02
3.233920125e-02 -4.470958122e-02
3.224650432e-02 -4.471611585e-02
3.215342728e-02 -4.472088318e-02
3.205997058e-02 -4.472388213e-02
3.196613469e-02 -4.472511169e-02
3.187192010e-02 -4.472457093e-02
3.177732727e-02 -4.472225899e-02
3.168235672e-02 -4.471817508e-02
3.158700895e-02 -4.471231847e-02
3.149128447e-02 -4.470468853e-02
3.139518380e-02 -4.469528468e-02
3.129870748e-02 -4.468410642e-02
3.120185606e-02 -4.467115331e-02
3.110463008e-02 -4.465642501e-02
3.100703012e-02 -4.463992124e-02
3.090905674e-02 -4.462164179e-02
3.081071053e-02 -4.460158652e-02
3.071199208e-02 -4.457975536e-02
3.061290199e-02 -4.455614834e-02
3.051344087e-02 -4.453076554e-02
3.041360935e-02 -4.450360712e-02
3.031340805e-02 -4.447467331e-02
3.021283763e-02 -4.444396442e-02
3.011189872e-02 -4.441148082e-02
3.001059199e-02 -4.437722299e-02
2.990891811e-02 -4.434119144e-02
2.980687777e-02 -4.430338679e-02
2.970447164e-02 -4.426380971e-02
2.960170044e-02 -4.422246095e-02
2.949856486e-02 -4.417934134e-02
2.939506564e-02 -4.413445180e-02
2.929120349e-02 -4.408779328e-02
2.918697917e-02 -4.403936686e-02
2.908239341e-02 -4.398917364e-02
2.897744698e-02 -4.393721485e-02
2.887214064e-02 -4.388349174e-02
2.876647518e-02 -4.382800569e-02
2.866045138e-02 -4.377075811e-02
2.855407004e-02 -4.371175050e-02
2.844733196e-02 -4.365098445e-02
2.834023797e-02 -4.358846160e-02
2.823278889e-02 -4.352418369e-02
2.812498556e-02 -4.345815252e-02
2.801682882e-02 -4.339036996e-02
2.790831954e-02 -4.332083797e-02
2.779945858e-02 -4.324955858e-02
2.769024681e-02 -4.317653389e-02
2.758068513e-02 -4.310176609e-02
2.747077442e-02 -4.302525742e-02
2.736051559e-02 -4.294701021e-02
2.724990956e-02 -4.286702688e-02
2.713895725e-02 -4.278530991e-02
2.702765960e-02 -4.270186183e-02
2.691601755e-02 -4.261668530e-02
2.680403206e-02 -4.252978301e-02
2.669170409e-02 -4.244115775e-02
2.657903461e-02 -4.235081236e-02
2.646602460e-02 -4.225874979e-02
2.635267506e-02 -4.216497304e-02
2.623898700e-02 -4.206948519e-02
2.612496141e-02 -4.197228939e-02
2.601059933e-02 -4.187338888e-02
2.589590179e-02 -4.177278696e-02
2.578086982e-02 -4.167048701e-02
2.566550448e-02 -4.156649250e-02
2.554980683e-02 -4.146080694e-02
2.543377794e-02 -4.135343394e-02
2.531741888e-02 -4.124437718e-02
2.520073074e-02 -4.113364042e-02
2.508371463e-02 -4.102122748e-02
2.496637165e-02 -4.090714226e-02
2.484870291e-02 -4.079138874e-02
2.473070955e-02 -4.067397096e-02
2.461239270e-02 -4.055489306e-02
2.449375350e-02 -4.043415923e-02
2.437479312e-02 -4.031177374e-02
2.425551270e-02 -4.018774093e-02
2.413591344e-02 -4.006206523e-02
2.401599651e-02 -3.993475112e-02
2.389576310e-02 -3.980580318e-02
2.377521441e-02 -3.967522602e-02
2.365435166e-02 -3.954302438e-02
2.353317606e-02 -3.940920303e-02
2.341168885e-02 -3.927376683e-02
2.328989126e-02 -3.913672070e-02
2.316778455e-02 -3.899806966e-02
2.304536996e-02 -3.885781876e-02
2.292264876e-02 -3.871597316e-02
2.279962224e-02 -3.857253808e-02
2.267629167e-02 -3.842751880e-02
2.255265834e-02 -3.828092068e-02
2.242872356e-02 -3.813274916e-02
2.230448865e-02 -3.798300973e-02
2.217995491e-02 -3.783170799e-02
2.205512369e-02 -3.767884956e-02
2.192999632e-02 -3.752444017e-02
2.180457414e-02 -3.736848559e-02
2.167885851e-02 -3.721099170e-02
2.155285081e-02 -3.705196441e-02
2.142655239e-02 -3.689140973e-02
2.129996465e-02 -3.672933371e-02
2.117308898e-02 -3.656574250e-02
2.104592677e-02 -3.640064230e-02
2.091847944e-02 -3.623403938e-02
2.079074841e-02 -3.606594009e-02
2.066273509e-02 -3.589635084e-02
2.053444093e-02 -3.572527811e-02
2.040586737e-02 -3.555272844e-02
2.027701587e-02 -3.537870846e-02
2.014788787e-02 -3.520322484e-02
2.001848486e-02 -3.502628434e-02
1.988880832e-02 -3.484789378e-02
1.975885971e-02 -3.466806004e-02
1.962864056e-02 -3.448679007e-02
1.949815235e-02 -3.430409090e-02
1.936739659e-02 -3.411996960e-02
1.923637482e-02 -3.393443333e-02
1.910508855e-02 -3.374748931e-02
1.897353932e-02 -3.355914481e-02
1.884172869e-02 -3.336940717e-02
1.870965820e-02 -3.317828383e-02
1.857732941e-02 -3.298578224e-02
1.844474389e-02 -3.279190995e-02
1.831190323e-02 -3.259667456e-02
1.817880901e-02 -3.240008374e-02
1.804546281e-02 -3.220214522e-02
1.791186625e-02 -3.200286679e-02
1.777802093e-02 -3.180225632e-02
1.764392848e-02 -3.160032172e-02
1.750959051e-02 -3.139707097e-02
1.737500867e-02 -3.119251212e-02
1.724018458e-02 -3.098665327e-02
1.710511991e-02 -3.077950258e-02
1.696981631e-02 -3.057106829e-02
1.683427545e-02 -3.036135868e-02
1.669849899e-02 -3.015038209e-02
1.656248863e-02 -2.993814694e-02
1.642624604e-02 -2.972466169e-02
1.628977292e-02 -2.950993487e-02
1.615307097e-02 -2.929397506e-02
1.601614192e-02 -2.907679091e-02
1.587898747e-02 -2.885839112e-02
1.574160935e-02 -2.863878445e-02
1.560400929e-02 -2.841797970e-02
1.546618904e-02 -2.819598577e-02
1.532815034e-02 -2.797281158e-02
1.518989495e-02 -2.774846611e-02
1.505142462e-02 -2.752295841e-02
1.491274114e-02 -2.729629758e-02
1.477384628e-02 -2.706849278e-02
1.463474182e-02 -2.683955320e-02
1.449542954e-02 -2.660948812e-02
1.435591127e-02 -2.637830685e-02
1.421618878e-02 -2.614601876e-02
1.407626391e-02 -2.591263328e-02
1.393613846e-02 -2.567815989e-02
1.379581427e-02 -2.544260811e-02
1.365529316e-02 -2.520598753e-02
1.351457698e-02 -2.496830778e-02
1.337366758e-02 -2.472957855e-02
1.323256680e-02 -2.448980957e-02
1.309127651e-02 -2.424901063e-02
1.294979858e-02 -2.400719158e-02
1.280813487e-02 -2.376436228e-02
1.266628727e-02 -2.352053269e-02
1.252425767e-02 -2.327571278e-02
1.238204795e-02 -2.302991260e-02
1.223966003e-02 -2.278314221e-02
1.209709579e-02 -2.253541176e-02
1.195435717e-02 -2.228673141e-02
1.181144607e-02 -2.203711140e-02
1.166836442e-02 -2.178656198e-02
1.152511415e-02 -2.153509348e-02
1.138169720e-02 -2.128271626e-02
1.123811552e-02 -2.102944071e-02
1.109437105e-02 -2.077527731e-02
1.095046575e-02 -2.052023652e-02
1.080640158e-02 -2.026432891e-02
1.066218051e-02 -2.000756504e-02
1.051780451e-02 -1.974995555e-02
1.037327557e-02 -1.949151109e-02
1.022859567e-02 -1.923224238e-02
1.008376680e-02 -1.897216016e-02
9.938790958e-03 -1.871127524e-02
9.793670149e-03 -1.844959843e-02
9.648406381e-03 -1.818714062e-02
9.503001669e-03 -1.792391271e-02
9.357458034e-03 -1.765992565e-02
9.211777500e-03 -1.739519043e-02
9.065962099e-03 -1.712971807e-02
8.920013868e-03 -1.686351965e-02
8.773934850e-03 -1.659660626e-02
8.627727092e-03 -1.632898904e-02
8.481392647e-03 -1.606067917e-02
8.334933573e-03 -1.579168785e-02
8.188351934e-03 -1.552202634e-02
8.041649799e-03 -1.525170591e-02
7.894829242e-03 -1.498073787e-02
7.747892342e-03 -1.470913357e-02
7.600841182e-03 -1.443690441e-02
7.453677853e-03 -1.416406178e-02
7.306404449e-03 -1.389061714e-02
7.159023068e-03 -1.361658196e-02
7.011535816e-03 -1.334196775e-02
6.863944800e-03 -1.306678606e-02
6.716252135e-03 -1.279104846e-02
6.568459939e-03 -1.251476654e-02
6.420570336e-03 -1.223795193e-02
6.272585453e-03 -1.196061630e-02
6.124507423e-03 -1.168277132e-02
5.976338383e-03 -1.140442872e-02
5.828080475e-03 -1.112560023e-02
5.679735845e-03 -1.084629763e-02
5.531306644e-03 -1.056653270e-02
5.382795027e-03 -1.028631727e-02
5.234203153e-03 -1.000566318e-02
5.085533186e-03 -9.724582301e-03
4.936787293e-03 -9.443086526e-03
4.787967648e-03 -9.161187773e-03
4.639076426e-03 -8.878897981e-03
4.490115807e-03 -8.596229113e-03
4.341087977e-03 -8.313193153e-03
4.191995124e-03 -8.029802108e-03
4.042839440e-03 -7.746068004e-03
3.893623123e-03 -7.462002889e-03
3.744348372e-03 -7.177618829e-03
3.595017392e-03 -6.892927912e-03
3.445632392e-03 -6.607942243e-03
3.296195582e-03 -6.322673945e-03
3.146709180e-03 -6.037135160e-03
2.997175405e-03 -5.751338046e-03
2.847596479e-03 -5.465294780e-03
2.697974630e-03 -5.179017554e-03
2.548312089e-03 -4.892518573e-03
2.398611088e-03 -4.605810062e-03
2.248873867e-03 -4.318904256e-03
2.099102665e-03 -4.031813408e-03
1.949299727e-03 -3.744549781e-03
1.799467300e-03 -3.457125651e-03
1.649607635e-03 -3.169553308e-03
1.499722985e-03 -2.881845051e-03
1.349815607e-03 -2.594013192e-03
1.199887758e-03 -2.306070050e-03
1.049941702e-03 -2.018027954e-03
8.999797006e-04 -1.729899243e-03
7.500040220e-04 -1.441696263e-03
6.000169347e-04 -1.153431367e-03
4.500207109e-04 -8.651169166e-04
3.000176261e-04 -5.767652831e-04
1.500099604e-04 -2.883888466e-04
