7.703805519e+00
7.717975661e+00
7.729416074e+00
7.738809876e+00
7.746693296e+00
7.753474472e+00
7.759477869e+00
7.764912884e+00
7.769963337e+00
7.774758605e+00
7.779400494e+00
7.783945187e+00
7.788444757e+00
7.792927386e+00
7.797421548e+00
7.801940976e+00
7.806469885e+00
7.811041470e+00
7.815639905e+00
7.820286695e+00
7.824944305e+00
7.829642229e+00
7.834358228e+00
7.839103659e+00
7.843875484e+00
7.848657258e+00
7.853467662e+00
7.858291210e+00
7.863132517e+00
7.867984492e+00
7.872859959e+00
7.877745246e+00
7.882647473e+00
7.887567935e+00
7.892500038e+00
7.897446974e+00
7.902405850e+00
7.907387927e+00
7.912379542e+00
7.917394721e+00
7.922417887e+00
7.927461134e+00
7.932519145e+00
7.937596374e+00
7.942693090e+00
7.947802216e+00
7.952933099e+00
7.958075023e+00
7.963246211e+00
7.968430869e+00
7.973616017e+00
7.978835123e+00
7.984081251e+00
7.989325753e+00
7.994601333e+00
7.999908408e+00
8.005209229e+00
8.010543033e+00
8.015878763e+00
8.021261244e+00
8.026633872e+00
8.032042737e+00
8.037466167e+00
8.042919120e+00
8.048378182e+00
8.053853959e+00
8.059368190e+00
8.064877557e+00
8.070430770e+00
8.075991338e+00
8.081566252e+00
8.087178585e+00
8.092792814e+00
8.098434958e+00
8.104100953e+00
8.109781627e+00
8.115489257e+00
8.121208548e+00
8.126961005e+00
8.132721331e+00
8.138517206e+00
8.144326978e+00
8.150150132e+00
8.156006138e+00
8.161875448e+00
8.167767745e+00
8.173684301e+00
8.179620280e+00
8.185578968e+00
8.191560177e+00
8.197566002e+00
8.203592889e+00
8.209631973e+00
8.215702070e+00
8.221792553e+00
8.227912030e+00
8.234044175e+00
8.240199671e+00
8.246381268e+00
8.252587302e+00
8.258811136e+00
8.265066651e+00
8.271337187e+00
8.277630205e+00
8.283946984e+00
8.290288764e+00
8.296653206e+00
8.303048808e+00
8.309452138e+00
8.315893450e+00
8.322348433e+00
8.328832182e+00
8.335337283e+00
8.341865156e+00
8.348420600e+00
8.354997473e+00
8.361601885e+00
8.368223292e+00
8.374878031e+00
8.381552974e+00
8.388250142e+00
8.394974158e+00
8.401724959e+00
8.408494613e+00
8.415288399e+00
8.422105727e+00
8.428952908e+00
8.435825855e+00
8.442719579e+00
8.449645518e+00
8.456586914e+00
8.463561460e+00
8.470554265e+00
8.477574547e+00
8.484622040e+00
8.491694576e+00
8.498789641e+00
8.505912971e+00
8.513063336e+00
8.520231839e+00
8.527432151e+00
8.534655077e+00
8.541906346e+00
8.549182078e+00
8.556481863e+00
8.563809331e+00
8.571162992e+00
8.578540643e+00
8.585944575e+00
8.593379398e+00
8.600834350e+00
8.608319676e+00
8.615825508e+00
8.623363833e+00
8.630926141e+00
8.638510657e+00
8.646126678e+00
8.653767465e+00
8.661424537e+00
8.669124252e+00
8.676840347e+00
8.684587480e+00
8.692371791e+00
8.700149904e+00
8.707973384e+00
8.715845103e+00
8.723729431e+00
8.731630367e+00
8.739559437e+00
8.747510738e+00
8.755491917e+00
8.763494382e+00
8.771555680e+00
8.779608257e+00
8.787697502e+00
8.795817440e+00
8.803968217e+00
8.812127281e+00
8.820333832e+00
8.828553097e+00
8.836812097e+00
8.845094885e+00
8.853395919e+00
8.861729687e+00
8.870079004e+00
8.878458989e+00
8.886890471e+00
8.895326012e+00
8.903767727e+00
8.912267574e+00
8.920800251e+00
8.929349006e+00
8.937909487e+00
8.946502422e+00
8.955137562e+00
8.963778067e+00
8.972455580e+00
8.981154263e+00
8.989907363e+00
8.998638389e+00
9.007439670e+00
9.016242570e+00
9.025083699e+00
9.033930276e+00
9.042830255e+00
9.051727290e+00
9.060687026e+00
9.069643146e+00
9.078642021e+00
9.087643335e+00
9.096703056e+00
9.105774396e+00
9.114867521e+00
9.123977419e+00
9.133133185e+00
9.142288221e+00
9.151492372e+00
9.160719376e+00
9.169965035e+00
9.179230485e+00
9.188533171e+00
9.197859498e+00
9.207194920e+00
9.216582418e+00
9.225966523e+00
9.235385765e+00
9.244842712e+00
9.254299600e+00
9.263794544e+00
9.273307608e+00
9.282852757e+00
9.292428833e+00
9.302001740e+00
9.311630323e+00
9.321265962e+00
9.330926935e+00
9.340600921e+00
9.350312415e+00
9.360030508e+00
9.369782871e+00
9.379567194e+00
9.389355172e+00
9.399171536e+00
9.409012409e+00
9.418875708e+00
9.428764293e+00
9.438665973e+00
9.448591086e+00
9.458541349e+00
9.468519319e+00
9.478499996e+00
9.488521484e+00
9.498547081e+00
9.508592133e+00
9.518673510e+00
9.528766106e+00
9.538863564e+00
9.549008500e+00
9.559144402e+00
9.569327470e+00
9.579515615e+00
9.589713409e+00
9.599933023e+00
9.610176133e+00
9.620442647e+00
9.630714339e+00
9.641007977e+00
9.651332914e+00
9.661648752e+00
9.672005427e+00
9.682366105e+00
9.692731147e+00
9.703140172e+00
9.713539182e+00
9.723957532e+00
9.734400660e+00
9.744850939e+00
9.755316238e+00
9.765801252e+00
9.776305267e+00
9.786806274e+00
9.797321411e+00
9.807855933e+00
9.818401152e+00
9.828967161e+00
9.839531732e+00
9.850115422e+00
9.860708382e+00
9.871313012e+00
9.881913061e+00
9.892535579e+00
9.903174099e+00
9.913810890e+00
9.924465463e+00
9.935127660e+00
9.945789297e+00
9.956452912e+00
9.967146569e+00
9.977836139e+00
9.988521750e+00
9.999224501e+00
1.000992595e+01
1.002065044e+01
1.003135296e+01
1.004207009e+01
1.005279942e+01
1.006353119e+01
1.007425418e+01
1.008498819e+01
1.009572435e+01
1.010645799e+01
1.011720704e+01
1.012794035e+01
1.013868084e+01
1.014940765e+01
1.016015041e+01
1.017089008e+01
1.018161936e+01
1.019235554e+01
1.020308161e+01
1.021380874e+01
1.022453836e+01
1.023525222e+01
1.024596231e+01
1.025667080e+01
1.026737452e+01
1.027806868e+01
1.028875517e+01
1.029944910e+01
1.031012070e+01
1.032077648e+01
1.033143777e+01
1.034208120e+01
1.035271549e+01
1.036334870e+01
1.037395089e+01
1.038456256e+01
1.039515084e+01
1.040572918e+01
1.041628320e+01
1.042683832e+01
1.043736871e+01
1.044788205e+01
1.045838468e+01
1.046886998e+01
1.047934007e+01
1.048978902e+01
1.050021756e+01
1.051063004e+01
1.052101340e+01
1.053138555e+01
1.054174137e+01
1.055206516e+01
1.056236480e+01
1.057265335e+01
1.058291546e+01
1.059314602e+01
1.060335327e+01
1.061354057e+01
1.062368331e+01
1.063382083e+01
1.064392128e+01
1.065398638e+01
1.066403707e+01
1.067405380e+01
1.068403020e+01
1.069398504e+01
1.070390469e+01
1.071379505e+01
1.072364741e+01
1.073347056e+01
1.074324351e+01
1.075299793e+01
1.076271504e+01
1.077239474e+01
1.078202319e+01
1.079163108e+01
1.080118844e+01
1.081071497e+01
1.082019383e+01
1.082962952e+01
1.083903401e+01
1.084839377e+01
1.085769420e+01
1.086697747e+01
1.087619236e+01
1.088537961e+01
1.089449941e+01
1.090358885e+01
1.091262042e+01
1.092162287e+01
1.093056121e+01
1.093944755e+01
1.094828604e+01
1.095707476e+01
1.096581362e+01
1.097449685e+01
1.098312710e+01
1.099170378e+01
1.100021780e+01
1.100869403e+01
1.101709593e+01
1.102544897e+01
1.103374092e+01
1.104197947e+01
1.105015688e+01
1.105827271e+01
1.106632849e+01
1.107432720e+01
1.108225953e+01
1.109012639e+01
1.109793158e+01
1.110567708e+01
1.111334936e+01
1.112096111e+01
1.112851456e+01
1.113599217e+01
1.114339352e+01
1.115073447e+01
1.115801536e+01
1.116522039e+01
1.117235463e+01
1.117941748e+01
1.118640410e+01
1.119332398e+01
1.120016841e+01
1.120694613e+01
1.121363320e+01
1.122026173e+01
1.122680882e+01
1.123328551e+01
1.123967369e+01
1.124599137e+01
1.125222400e+01
1.125839231e+01
1.126447525e+01
1.127046386e+01
1.127638589e+01
1.128223624e+01
1.128798452e+01
1.129365851e+01
1.129925704e+01
1.130476686e+01
1.131018679e+01
1.131553576e+01
1.132078230e+01
1.132595628e+01
1.133104470e+01
1.133603341e+01
1.134095089e+01
1.134577923e+01
1.135050181e+01
1.135516213e+01
1.135970662e+01
1.136417684e+01
1.136856311e+01
1.137284009e+01
1.137704418e+01
1.138114191e+01
1.138516764e+01
1.138908516e+01
1.139290535e+01
1.139664771e+01
1.140028774e+01
1.140384109e+01
1.140729066e+01
1.141064762e+01
1.141391747e+01
1.141708723e+01
1.142016074e+01
1.142314561e+01
1.142602332e+01
1.142881000e+01
1.143149250e+01
1.143409437e+01
1.143658222e+01
1.143898381e+01
1.144127316e+01
1.144348514e+01
1.144558189e+01
1.144759210e+01
1.144948544e+01
1.145129318e+01
1.145300697e+01
1.145460385e+01
1.145612632e+01
1.145752567e+01
1.145883499e+01
1.146004423e+01
1.146115559e+01
1.146215095e+01
1.146306811e+01
1.146386561e+01
1.146458134e+01
1.146518204e+01
1.146568141e+01
1.146609157e+01
1.146638731e+01
1.146659912e+01
1.146669671e+01
1.146669671e+01
1.146659912e+01
1.146638731e+01
1.146609157e+01
1.146568141e+01
1.146518204e+01
1.146458134e+01
1.146386561e+01
1.146306811e+01
1.146215095e+01
1.146115559e+01
1.146004423e+01
1.145883499e+01
1.145752567e+01
1.145612632e+01
1.145460385e+01
1.145300697e+01
1.145129318e+01
1.144948544e+01
1.144759210e+01
1.144558189e+01
1.144348514e+01
1.144127316e+01
1.143898381e+01
1.143658222e+01
1.143409437e+01
1.143149250e+01
1.142881000e+01
1.142602332e+01
1.142314561e+01
1.142016074e+01
1.141708723e+01
1.141391747e+01
1.141064762e+01
1.140729066e+01
1.140384109e+01
1.140028774e+01
1.139664771e+01
1.139290535e+01
1.138908516e+01
1.138516764e+01
1.138114191e+01
1.137704418e+01
1.137284009e+01
1.136856311e+01
1.136417684e+01
1.135970662e+01
1.135516213e+01
1.135050181e+01
1.134577923e+01
1.134095089e+01
1.133603341e+01
1.133104470e+01
1.132595628e+01
1.132078230e+01
1.131553576e+01
1.131018679e+01
1.130476686e+01
1.129925704e+01
1.129365851e+01
1.128798452e+01
1.128223624e+01
1.127638589e+01
1.127046386e+01
1.126447525e+01
1.125839231e+01
1.125222400e+01
1.124599137e+01
1.123967369e+01
1.123328551e+01
1.122680882e+01
1.122026173e+01
1.121363320e+01
1.120694613e+01
1.120016841e+01
1.119332398e+01
1.118640410e+01
1.117941748e+01
1.117235463e+01
1.116522039e+01
1.115801536e+01
1.115073447e+01
1.114339352e+01
1.113599217e+01
1.112851456e+01
1.112096111e+01
1.111334936e+01
1.110567708e+01
1.109793158e+01
1.109012639e+01
1.108225953e+01
1.107432720e+01
1.106632849e+01
1.105827271e+01
1.105015688e+01
1.104197947e+01
1.103374092e+01
1.102544897e+01
1.101709593e+01
1.100869403e+01
1.100021780e+01
1.099170378e+01
1.098312710e+01
1.097449685e+01
1.096581362e+01
1.095707476e+01
1.094828604e+01
1.093944755e+01
1.093056121e+01
1.092162287e+01
1.091262042e+01
1.090358885e+01
1.089449941e+01
1.088537961e+01
1.087619236e+01
1.086697747e+01
1.085769420e+01
1.084839377e+01
1.083903401e+01
1.082962952e+01
1.082019383e+01
1.081071497e+01
1.080118844e+01
1.079163108e+01
1.078202319e+01
1.077239474e+01
1.076271504e+01
1.075299793e+01
1.074324351e+01
1.073347056e+01
1.072364741e+01
1.071379505e+01
1.070390469e+01
1.069398504e+01
1.068403020e+01
1.067405380e+01
1.066403707e+01
1.065398638e+01
1.064392128e+01
1.063382083e+01
1.062368331e+01
1.061354057e+01
1.060335327e+01
1.059314602e+01
1.058291546e+01
1.057265335e+01
1.056236480e+01
1.055206516e+01
1.054174137e+01
1.053138555e+01
1.052101340e+01
1.051063004e+01
1.050021756e+01
1.048978902e+01
1.047934007e+01
1.046886998e+01
1.045838468e+01
1.044788205e+01
1.043736871e+01
1.042683832e+01
1.041628320e+01
1.040572918e+01
1.039515084e+01
1.038456256e+01
1.037395089e+01
1.036334870e+01
1.035271549e+01
1.034208120e+01
1.033143777e+01
1.032077648e+01
1.031012070e+01
1.029944910e+01
1.028875517e+01
1.027806868e+01
1.026737452e+01
1.025667080e+01
1.024596231e+01
1.023525222e+01
1.022453836e+01
1.021380874e+01
1.020308161e+01
1.019235554e+01
1.018161936e+01
1.017089008e+01
1.016015041e+01
1.014940765e+01
1.013868084e+01
1.012794035e+01
1.011720704e+01
1.010645799e+01
1.009572435e+01
1.008498819e+01
1.007425418e+01
1.006353119e+01
1.005279942e+01
1.004207009e+01
1.003135296e+01
1.002065044e+01
1.000992595e+01
9.999224501e+00
9.988521750e+00
9.977836139e+00
9.967146569e+00
9.956452913e+00
9.945789298e+00
9.935127661e+00
9.924465464e+00
9.913810892e+00
9.903174101e+00
9.892535581e+00
9.881913063e+00
9.871313012e+00
9.860708381e+00
9.850115417e+00
9.839531723e+00
9.828967145e+00
9.818401127e+00
9.807855894e+00
9.797321352e+00
9.786806189e+00
9.776305145e+00
9.765801078e+00
9.755315996e+00
9.744850605e+00
9.734402863e+00
9.723957198e+00
9.713538939e+00
9.703139997e+00
9.692731023e+00
9.682366018e+00
9.672005367e+00
9.661648712e+00
9.651332888e+00
9.641007961e+00
9.630714330e+00
9.620442642e+00
9.610176131e+00
9.599933023e+00
9.589713410e+00
9.579515616e+00
9.569327472e+00
9.559144404e+00
9.549008501e+00
9.538863565e+00
9.528766107e+00
9.518673511e+00
9.508592134e+00
9.498547082e+00
9.488521485e+00
9.478499997e+00
9.468519320e+00
9.458541351e+00
9.448591088e+00
9.438665975e+00
9.428764295e+00
9.418875709e+00
9.409012410e+00
9.399171534e+00
9.389355167e+00
9.379567183e+00
9.369782851e+00
9.360030477e+00
9.350312366e+00
9.340600848e+00
9.330926829e+00
9.321265811e+00
9.311630112e+00
9.302001448e+00
9.292428434e+00
9.282855380e+00
9.273307203e+00
9.263794242e+00
9.254299377e+00
9.244842552e+00
9.235385653e+00
9.225966454e+00
9.216582390e+00
9.207194937e+00
9.197859570e+00
9.188533314e+00
9.179230724e+00
9.169965406e+00
9.160719929e+00
9.151493172e+00
9.142289357e+00
9.133134773e+00
9.123979611e+00
9.114870514e+00
9.105753948e+00
9.096706061e+00
9.087645543e+00
9.078643624e+00
9.069644296e+00
9.060687840e+00
9.051727860e+00
9.042830654e+00
9.033930563e+00
9.025083924e+00
9.016242778e+00
9.007439905e+00
8.998638698e+00
8.989907799e+00
8.981154892e+00
8.972456483e+00
8.963779347e+00
8.955139351e+00
8.946504894e+00
8.937912861e+00
8.929325710e+00
8.920803652e+00
8.912270088e+00
8.903769566e+00
8.895327342e+00
8.886891418e+00
8.878459653e+00
8.870079460e+00
8.861729991e+00
8.853396115e+00
8.845095006e+00
8.836812164e+00
8.828553130e+00
8.820333842e+00
8.812127277e+00
8.803968205e+00
8.795817425e+00
8.787697486e+00
8.779608242e+00
8.771555666e+00
8.763494371e+00
8.755491907e+00
8.747510729e+00
8.739559427e+00
8.731630356e+00
8.723729417e+00
8.715845083e+00
8.707973354e+00
8.700149861e+00
8.692371731e+00
8.684587395e+00
8.676840228e+00
8.669124090e+00
8.661424316e+00
8.653767168e+00
8.646126282e+00
8.638515519e+00
8.630925960e+00
8.623360139e+00
8.615825645e+00
8.608319808e+00
8.600834487e+00
8.593379551e+00
8.585944759e+00
8.578540875e+00
8.571163293e+00
8.563809728e+00
8.556482389e+00
8.549178497e+00
8.541906872e+00
8.534655468e+00
8.527432440e+00
8.520232050e+00
8.513063488e+00
8.505913078e+00
8.498789715e+00
8.491694626e+00
8.484622072e+00
8.477574566e+00
8.470554275e+00
8.463561464e+00
8.456586914e+00
8.449645515e+00
8.442719574e+00
8.435825849e+00
8.428952901e+00
8.422105721e+00
8.415288394e+00
8.408494611e+00
8.401724961e+00
8.394974166e+00
8.388250158e+00
8.381553003e+00
8.374878077e+00
8.368223364e+00
8.361601992e+00
8.354997629e+00
8.348420821e+00
8.341865466e+00
8.335337711e+00
8.328832768e+00
8.322349225e+00
8.315887773e+00
8.309452942e+00
8.303049411e+00
8.296653654e+00
8.290289095e+00
8.283947228e+00
8.277630387e+00
8.271337328e+00
8.265066771e+00
8.258811251e+00
8.252587431e+00
8.246381431e+00
8.240199891e+00
8.234044481e+00
8.227912457e+00
8.221793146e+00
8.215702887e+00
8.209633087e+00
8.203585116e+00
8.197567189e+00
8.191561134e+00
8.185579773e+00
8.179621004e+00
8.173685012e+00
8.167768511e+00
8.161876343e+00
8.156007245e+00
8.150151549e+00
8.144317360e+00
8.138518601e+00
8.132722373e+00
8.126961772e+00
8.121209099e+00
8.115489640e+00
8.109781875e+00
8.104101090e+00
8.098435000e+00
8.092792770e+00
8.087178454e+00
8.081566030e+00
8.075993213e+00
8.070430513e+00
8.064877356e+00
8.059368034e+00
8.053853839e+00
8.048378090e+00
8.042919051e+00
8.037466115e+00
8.032042700e+00
8.026633844e+00
8.021261224e+00
8.015878750e+00
8.010543024e+00
8.005209224e+00
7.999908407e+00
7.994601336e+00
7.989325760e+00
7.984081263e+00
7.978835142e+00
7.973616047e+00
7.968430913e+00
7.963246275e+00
7.958075114e+00
7.952933229e+00
7.947802398e+00
7.942693342e+00
7.937596720e+00
7.932519616e+00
7.927457658e+00
7.922418380e+00
7.917395100e+00
7.912379830e+00
7.907388144e+00
7.902406012e+00
7.897447094e+00
7.892500124e+00
7.887567996e+00
7.882647515e+00
7.877745274e+00
7.872859976e+00
7.867984501e+00
7.863132522e+00
7.858291211e+00
7.853467660e+00
7.848657255e+00
7.843875480e+00
7.839103655e+00
7.834358224e+00
7.829642225e+00
7.824944301e+00
7.820286691e+00
7.815639901e+00
7.811041465e+00
7.806469878e+00
7.801940967e+00
7.797421535e+00
7.792927367e+00
7.788444728e+00
7.783945145e+00
7.779400430e+00
7.774758511e+00
7.769963197e+00
7.764912677e+00
7.759479604e+00
7.753474197e+00
7.746693052e+00
7.738809656e+00
7.729415872e+00
7.717975471e+00
7.703805337e+00
