3.043683379e+00
3.045583611e+00
3.044693186e+00
3.041694992e+00
3.037125033e+00
3.031391226e+00
3.024817821e+00
3.017614001e+00
3.009963380e+00
3.001995130e+00
2.993810860e+00
2.985466558e+00
2.977014110e+00
2.968481514e+00
2.959897064e+00
2.951274322e+00
2.942597333e+00
2.933899131e+00
2.925163732e+00
2.916412490e+00
2.907607725e+00
2.898778790e+00
2.889903313e+00
2.880992522e+00
2.872043258e+00
2.863038961e+00
2.853998201e+00
2.844905389e+00
2.835765043e+00
2.826569983e+00
2.817332949e+00
2.808040190e+00
2.798698757e+00
2.789309880e+00
2.779866909e+00
2.770372986e+00
2.760825173e+00
2.751234696e+00
2.741587862e+00
2.731898674e+00
2.722151542e+00
2.712358549e+00
2.702514379e+00
2.692623491e+00
2.682686168e+00
2.672695354e+00
2.662660424e+00
2.652570696e+00
2.642444438e+00
2.632265903e+00
2.622022171e+00
2.611746774e+00
2.601432849e+00
2.591051826e+00
2.580636497e+00
2.570187373e+00
2.559666808e+00
2.549114149e+00
2.538498454e+00
2.527864673e+00
2.517156334e+00
2.506419667e+00
2.495633146e+00
2.484811883e+00
2.473932626e+00
2.463006149e+00
2.452054367e+00
2.441034148e+00
2.429994390e+00
2.418898803e+00
2.407754582e+00
2.396585013e+00
2.385354793e+00
2.374090169e+00
2.362787311e+00
2.351437289e+00
2.340052629e+00
2.328618291e+00
2.317156043e+00
2.305640860e+00
2.294100696e+00
2.282514185e+00
2.270881101e+00
2.259221213e+00
2.247515278e+00
2.235773288e+00
2.223996835e+00
2.212181407e+00
2.200330620e+00
2.188444626e+00
2.176525862e+00
2.164571127e+00
2.152571911e+00
2.140547396e+00
2.128487323e+00
2.116400677e+00
2.104271514e+00
2.092110906e+00
2.079921998e+00
2.067703526e+00
2.055449260e+00
2.043173493e+00
2.030859984e+00
2.018516619e+00
2.006145105e+00
1.993747120e+00
1.981320764e+00
1.968874984e+00
1.956386799e+00
1.943886922e+00
1.931351504e+00
1.918796108e+00
1.906213795e+00
1.893606464e+00
1.880979397e+00
1.868326942e+00
1.855655701e+00
1.842955632e+00
1.830243573e+00
1.817506906e+00
1.804748165e+00
1.791972491e+00
1.779180343e+00
1.766364316e+00
1.753530220e+00
1.740678002e+00
1.727814513e+00
1.714936209e+00
1.702038651e+00
1.689133828e+00
1.676205540e+00
1.663272039e+00
1.650319000e+00
1.637356208e+00
1.624383970e+00
1.611400693e+00
1.598404443e+00
1.585401538e+00
1.572391334e+00
1.559365525e+00
1.546338374e+00
1.533301283e+00
1.520260580e+00
1.507212987e+00
1.494158700e+00
1.481101959e+00
1.468041883e+00
1.454976886e+00
1.441909874e+00
1.428846078e+00
1.415775358e+00
1.402708584e+00
1.389636516e+00
1.376571771e+00
1.363506472e+00
1.350439476e+00
1.337380720e+00
1.324324102e+00
1.311261783e+00
1.298220763e+00
1.285175426e+00
1.272141075e+00
1.259124500e+00
1.246082975e+00
1.233068718e+00
1.220085254e+00
1.207097608e+00
1.194110437e+00
1.181135925e+00
1.168168829e+00
1.155217455e+00
1.142273876e+00
1.129376300e+00
1.116457839e+00
1.103564546e+00
1.090691114e+00
1.077838355e+00
1.064984387e+00
1.052169077e+00
1.039358323e+00
1.026579815e+00
1.013818279e+00
1.001068842e+00
9.883466661e-01
9.756352377e-01
9.629503486e-01
9.503135008e-01
9.376779296e-01
9.250464235e-01
9.124716139e-01
8.999288724e-01
8.874021207e-01
8.748876802e-01
8.624069524e-01
8.499703615e-01
8.375417405e-01
8.251534051e-01
8.127901897e-01
8.004860133e-01
7.881650563e-01
7.759203190e-01
7.636838356e-01
7.514928860e-01
7.393153585e-01
7.271998755e-01
7.150907586e-01
7.030543198e-01
6.910249080e-01
6.790495593e-01
6.670886218e-01
6.551987266e-01
6.433337477e-01
6.315045118e-01
6.197066668e-01
6.079699661e-01
5.962484689e-01
5.845926761e-01
5.729769802e-01
5.613978364e-01
5.498570323e-01
5.383726631e-01
5.269317824e-01
5.155204913e-01
5.041824162e-01
4.928627318e-01
4.816006102e-01
4.703992596e-01
4.592215545e-01
4.481062465e-01
4.370340344e-01
4.260195160e-01
4.150621641e-01
4.041285117e-01
3.932780305e-01
3.824627253e-01
3.717014968e-01
3.609826445e-01
3.503312815e-01
3.397171151e-01
3.291684301e-01
3.186835279e-01
3.082347128e-01
2.978473227e-01
2.875180849e-01
2.772455186e-01
2.670330833e-01
2.568691850e-01
2.467647563e-01
2.367221063e-01
2.267443813e-01
2.168071682e-01
2.069491552e-01
1.971342217e-01
1.873782926e-01
1.776988140e-01
1.680712532e-01
1.584898238e-01
1.489977095e-01
1.395389633e-01
1.301703473e-01
1.208503316e-01
1.115840447e-01
1.023842108e-01
9.325305653e-02
8.419103726e-02
7.518047150e-02
6.623866876e-02
5.737552048e-02
4.855116408e-02
3.981606790e-02
3.113392721e-02
2.250562914e-02
1.397131573e-02
5.477508882e-03
-2.945919683e-03
-1.129301840e-02
-1.958090389e-02
-2.780119998e-02
-3.594870773e-02
-4.402364039e-02
-5.204750950e-02
-6.000268284e-02
-6.788341445e-02
-7.569790467e-02
-8.343557613e-02
-9.111817575e-02
-9.872466878e-02
-1.062644298e-01
-1.137345877e-01
-1.211509258e-01
-1.284859296e-01
-1.357456051e-01
-1.429472256e-01
-1.500708259e-01
-1.571261131e-01
-1.641208235e-01
-1.710519752e-01
-1.778910633e-01
-1.846717796e-01
-1.913935620e-01
-1.980348812e-01
-2.046137520e-01
-2.111054077e-01
-2.175544391e-01
-2.239238493e-01
-2.302156350e-01
-2.364391461e-01
-2.426051960e-01
-2.486935818e-01
-2.547127735e-01
-2.606670450e-01
-2.665380734e-01
-2.723566192e-01
-2.780993764e-01
-2.837868223e-01
-2.893889479e-01
-2.949244173e-01
-3.004001582e-01
-3.057985115e-01
-3.111361217e-01
-3.164014566e-01
-3.215927274e-01
-3.267278287e-01
-3.317944185e-01
-3.367899781e-01
-3.417173323e-01
-3.465809290e-01
-3.513785397e-01
-3.560947191e-01
-3.607589054e-01
-3.653642599e-01
-3.698891273e-01
-3.743565558e-01
-3.787575066e-01
-3.830836043e-01
-3.873644769e-01
-3.915593155e-01
-3.957006845e-01
-3.997748316e-01
-4.037958376e-01
-4.077379868e-01
-4.116268164e-01
-4.154543570e-01
-4.192139823e-01
-4.229120291e-01
-4.265460975e-01
-4.301218407e-01
-4.336382550e-01
-4.370907199e-01
-4.404920278e-01
-4.438240044e-01
-4.470915084e-01
-4.503099816e-01
-4.534712888e-01
-4.565621178e-01
-4.595975694e-01
-4.625825074e-01
-4.655084488e-01
-4.683717932e-01
-4.711969135e-01
-4.739442352e-01
-4.766453770e-01
-4.792983903e-01
-4.818821094e-01
-4.844158616e-01
-4.869057969e-01
-4.893329282e-01
-4.917106712e-01
-4.940329144e-01
-4.963081589e-01
-4.985274089e-01
-5.007114510e-01
-5.028284146e-01
-5.048968820e-01
-5.069167579e-01
-5.089016898e-01
-5.108207979e-01
-5.127038648e-01
-5.145310058e-01
-5.163188790e-01
-5.180628047e-01
-5.197506361e-01
-5.213957285e-01
-5.230125100e-01
-5.245586412e-01
-5.260851750e-01
-5.275512069e-01
-5.289963845e-01
-5.303834583e-01
-5.317397807e-01
-5.330364468e-01
-5.343082938e-01
-5.355430613e-01
-5.367364514e-01
-5.378902380e-01
-5.390043678e-01
-5.400844694e-01
-5.411277536e-01
-5.421346735e-01
-5.431141845e-01
-5.440412839e-01
-5.449523812e-01
-5.458218782e-01
-5.466618785e-01
-5.474645680e-01
-5.482375644e-01
-5.489811878e-01
-5.496937900e-01
-5.503722749e-01
-5.510258383e-01
-5.516534581e-01
-5.522512239e-01
-5.528170475e-01
-5.533643522e-01
-5.538803436e-01
-5.543626888e-01
-5.548288270e-01
-5.552790789e-01
-5.556974872e-01
-5.560836164e-01
-5.564531727e-01
-5.568009939e-01
-5.571275896e-01
-5.574377112e-01
-5.577217816e-01
-5.579884254e-01
-5.582288190e-01
-5.584668202e-01
-5.586702385e-01
-5.588618949e-01
-5.590306720e-01
-5.591946041e-01
-5.593356067e-01
-5.594681571e-01
-5.595714540e-01
-5.596664775e-01
-5.597621192e-01
-5.598305621e-01
-5.598768408e-01
-5.599312811e-01
-5.599660403e-01
-5.599822269e-01
-5.599930311e-01
-5.599995740e-01
-5.599828683e-01
-5.599743281e-01
-5.599440285e-01
-5.599049161e-01
-5.598710887e-01
-5.598140153e-01
-5.597515561e-01
-5.597002827e-01
-5.596166478e-01
-5.595541753e-01
-5.594712601e-01
-5.593775386e-01
-5.592983082e-01
-5.591971273e-01
-5.591074256e-01
-5.589948039e-01
-5.588954341e-01
-5.587983990e-01
-5.586841628e-01
-5.585771904e-01
-5.584617982e-01
-5.583550532e-01
-5.582457538e-01
-5.581283691e-01
-5.580158495e-01
-5.579043263e-01
-5.577861616e-01
-5.576798489e-01
-5.575692322e-01
-5.574674369e-01
-5.573508890e-01
-5.572529558e-01
-5.571458552e-01
-5.570555463e-01
-5.569471390e-01
-5.568584742e-01
-5.567608436e-01
-5.566845599e-01
-5.565983367e-01
-5.565105085e-01
-5.564440206e-01
-5.563563593e-01
-5.562962218e-01
-5.562305060e-01
-5.561692509e-01
-5.561102462e-01
-5.560716025e-01
-5.560155114e-01
-5.559834252e-01
-5.559374471e-01
-5.559108312e-01
-5.558898724e-01
-5.558624464e-01
-5.558537598e-01
-5.558333202e-01
-5.558314158e-01
-5.558314158e-01
-5.558333202e-01
-5.558537598e-01
-5.558624464e-01
-5.558898724e-01
-5.559108312e-01
-5.559374471e-01
-5.559834252e-01
-5.560155114e-01
-5.560716025e-01
-5.561102462e-01
-5.561692509e-01
-5.562305060e-01
-5.562962218e-01
-5.563563593e-01
-5.564440206e-01
-5.565105085e-01
-5.565983367e-01
-5.566845599e-01
-5.567608436e-01
-5.568584742e-01
-5.569471390e-01
-5.570555463e-01
-5.571458552e-01
-5.572529558e-01
-5.573508890e-01
-5.574674369e-01
-5.575692322e-01
-5.576798489e-01
-5.577861616e-01
-5.579043263e-01
-5.580158495e-01
-5.581283691e-01
-5.582457538e-01
-5.583550532e-01
-5.584617982e-01
-5.585771904e-01
-5.586841628e-01
-5.587983990e-01
-5.588954341e-01
-5.589948039e-01
-5.591074256e-01
-5.591971273e-01
-5.592983082e-01
-5.593775386e-01
-5.594712601e-01
-5.595541753e-01
-5.596166478e-01
-5.597002827e-01
-5.597515561e-01
-5.598140153e-01
-5.598710887e-01
-5.599049161e-01
-5.599440285e-01
-5.599743281e-01
-5.599828683e-01
-5.599995740e-01
-5.599930311e-01
-5.599822269e-01
-5.599660403e-01
-5.599312811e-01
-5.598768408e-01
-5.598305621e-01
-5.597621192e-01
-5.596664775e-01
-5.595714540e-01
-5.594681571e-01
-5.593356067e-01
-5.591946041e-01
-5.590306720e-01
-5.588618949e-01
-5.586702385e-01
-5.584668202e-01
-5.582288190e-01
-5.579884254e-01
-5.577217816e-01
-5.574377112e-01
-5.571275896e-01
-5.568009939e-01
-5.564531727e-01
-5.560836164e-01
-5.556974872e-01
-5.552790789e-01
-5.548288270e-01
-5.543626888e-01
-5.538803436e-01
-5.533643522e-01
-5.528170475e-01
-5.522512239e-01
-5.516534581e-01
-5.510258383e-01
-5.503722749e-01
-5.496937900e-01
-5.489811878e-01
-5.482375644e-01
-5.474645680e-01
-5.466618785e-01
-5.458218782e-01
-5.449523813e-01
-5.440412839e-01
-5.431141845e-01
-5.421346736e-01
-5.411277536e-01
-5.400844694e-01
-5.390043678e-01
-5.378902380e-01
-5.367364514e-01
-5.355430613e-01
-5.343082938e-01
-5.330364468e-01
-5.317397807e-01
-5.303834583e-01
-5.289963845e-01
-5.275512069e-01
-5.260851750e-01
-5.245586412e-01
-5.230125100e-01
-5.213957285e-01
-5.197506361e-01
-5.180628047e-01
-5.163188790e-01
-5.145310058e-01
-5.127038648e-01
-5.108207979e-01
-5.089016898e-01
-5.069167579e-01
-5.048968820e-01
-5.028284146e-01
-5.007114510e-01
-4.985274089e-01
-4.963081589e-01
-4.940329144e-01
-4.917106712e-01
-4.893329282e-01
-4.869057969e-01
-4.844158616e-01
-4.818821094e-01
-4.792983903e-01
-4.766453770e-01
-4.739442352e-01
-4.711969135e-01
-4.683717932e-01
-4.655084488e-01
-4.625825074e-01
-4.595975694e-01
-4.565621178e-01
-4.534712888e-01
-4.503099816e-01
-4.470915085e-01
-4.438240044e-01
-4.404920278e-01
-4.370907199e-01
-4.336382550e-01
-4.301218407e-01
-4.265460975e-01
-4.229120291e-01
-4.192139823e-01
-4.154543570e-01
-4.116268164e-01
-4.077379868e-01
-4.037958376e-01
-3.997748316e-01
-3.957006845e-01
-3.915593155e-01
-3.873644769e-01
-3.830836043e-01
-3.787575066e-01
-3.743565558e-01
-3.698891273e-01
-3.653642599e-01
-3.607589054e-01
-3.560947191e-01
-3.513785397e-01
-3.465809290e-01
-3.417173323e-01
-3.367899781e-01
-3.317944185e-01
-3.267278287e-01
-3.215927274e-01
-3.164014566e-01
-3.111361217e-01
-3.057985115e-01
-3.004001582e-01
-2.949244173e-01
-2.893889479e-01
-2.837868224e-01
-2.780993764e-01
-2.723566192e-01
-2.665380734e-01
-2.606670450e-01
-2.547127735e-01
-2.486935818e-01
-2.426051960e-01
-2.364391461e-01
-2.302156350e-01
-2.239238493e-01
-2.175544391e-01
-2.111054077e-01
-2.046137520e-01
-1.980348812e-01
-1.913935620e-01
-1.846717796e-01
-1.778910633e-01
-1.710519742e-01
-1.641208226e-01
-1.571261121e-01
-1.500708249e-01
-1.429472236e-01
-1.357456031e-01
-1.284859276e-01
-1.211509238e-01
-1.137345877e-01
-1.062644308e-01
-9.872467379e-02
-9.111818476e-02
-8.343559214e-02
-7.569792968e-02
-6.788345346e-02
-6.000274185e-02
-5.204759451e-02
-4.402376240e-02
-3.594888174e-02
-2.780144199e-02
-1.958123790e-02
-1.129081541e-02
-2.946253693e-03
5.477265872e-03
1.397114072e-02
2.250550513e-02
3.113384020e-02
3.981600789e-02
4.855112407e-02
5.737549447e-02
6.623865275e-02
7.518046249e-02
8.419103224e-02
9.325305452e-02
1.023842108e-01
1.115840457e-01
1.208503326e-01
1.301703492e-01
1.395389653e-01
1.489977105e-01
1.584898247e-01
1.680712542e-01
1.776988150e-01
1.873782936e-01
1.971342227e-01
2.069491562e-01
2.168071692e-01
2.267443823e-01
2.367221083e-01
2.467647583e-01
2.568691870e-01
2.670330852e-01
2.772455196e-01
2.875180859e-01
2.978473207e-01
3.082347078e-01
3.186835169e-01
3.291684101e-01
3.397170841e-01
3.503312325e-01
3.609825715e-01
3.717013908e-01
3.824625743e-01
3.932778195e-01
4.041282197e-01
4.150617651e-01
4.260221390e-01
4.370336294e-01
4.481059445e-01
4.592213315e-01
4.703990996e-01
4.816004982e-01
4.928626628e-01
5.041823882e-01
5.155205083e-01
5.269318544e-01
5.383728060e-01
5.498572712e-01
5.613982073e-01
5.729775332e-01
5.845934761e-01
5.962496049e-01
6.079715541e-01
6.197088588e-01
6.315075048e-01
6.433132996e-01
6.552017316e-01
6.670908298e-01
6.790511623e-01
6.910260580e-01
7.030551338e-01
7.150913286e-01
7.272002744e-01
7.393156455e-01
7.514931110e-01
7.636840436e-01
7.759205539e-01
7.881653653e-01
8.004864492e-01
8.127908187e-01
8.251543081e-01
8.375430205e-01
8.499721505e-01
8.624094244e-01
8.748910542e-01
8.873788247e-01
8.999322734e-01
9.124741279e-01
9.250482625e-01
9.376792596e-01
9.503144478e-01
9.629510125e-01
9.756356937e-01
9.883469701e-01
1.001069038e+00
1.013818400e+00
1.026579882e+00
1.039358356e+00
1.052169087e+00
1.064984383e+00
1.077838343e+00
1.090691099e+00
1.103564530e+00
1.116457824e+00
1.129376286e+00
1.142273865e+00
1.155217445e+00
1.168168820e+00
1.181135915e+00
1.194110426e+00
1.207097594e+00
1.220085234e+00
1.233068688e+00
1.246082932e+00
1.259124440e+00
1.272140990e+00
1.285175307e+00
1.298220601e+00
1.311261562e+00
1.324323805e+00
1.337380324e+00
1.350444338e+00
1.363506291e+00
1.376568077e+00
1.389636653e+00
1.402708716e+00
1.415775495e+00
1.428846231e+00
1.441910058e+00
1.454977118e+00
1.468042184e+00
1.481102356e+00
1.494159226e+00
1.507209406e+00
1.520261106e+00
1.533301674e+00
1.546338663e+00
1.559365736e+00
1.572391486e+00
1.585401645e+00
1.598404517e+00
1.611400743e+00
1.624384002e+00
1.637356227e+00
1.650319010e+00
1.663272043e+00
1.676205540e+00
1.689133825e+00
1.702038646e+00
1.714936203e+00
1.727814506e+00
1.740677996e+00
1.753530215e+00
1.766364314e+00
1.779180345e+00
1.791972499e+00
1.804748181e+00
1.817506935e+00
1.830243619e+00
1.842955704e+00
1.855655808e+00
1.868327098e+00
1.880979618e+00
1.893606774e+00
1.906214223e+00
1.918796694e+00
1.931352296e+00
1.943881245e+00
1.956387603e+00
1.968875587e+00
1.981321212e+00
1.993747451e+00
2.006145349e+00
2.018516801e+00
2.030860125e+00
2.043173613e+00
2.055449375e+00
2.067703655e+00
2.079922161e+00
2.092111126e+00
2.104271820e+00
2.116401104e+00
2.128487916e+00
2.140548213e+00
2.152573025e+00
2.164563354e+00
2.176527049e+00
2.188445583e+00
2.200331425e+00
2.212182131e+00
2.223997546e+00
2.235774054e+00
2.247516173e+00
2.259222320e+00
2.270882518e+00
2.282504567e+00
2.294102091e+00
2.305641901e+00
2.317156810e+00
2.328618842e+00
2.340053012e+00
2.351437537e+00
2.362787448e+00
2.374090211e+00
2.385354749e+00
2.396584882e+00
2.407754360e+00
2.418900678e+00
2.429994133e+00
2.441033947e+00
2.452054211e+00
2.463006029e+00
2.473932534e+00
2.484811814e+00
2.495633094e+00
2.506419630e+00
2.517156306e+00
2.527864653e+00
2.538498441e+00
2.549114140e+00
2.559666803e+00
2.570187372e+00
2.580636500e+00
2.591051833e+00
2.601432861e+00
2.611746793e+00
2.622022201e+00
2.632265947e+00
2.642444502e+00
2.652570787e+00
2.662660554e+00
2.672695536e+00
2.682686420e+00
2.692623837e+00
2.702514850e+00
2.712355073e+00
2.722152035e+00
2.731899053e+00
2.741588150e+00
2.751234913e+00
2.760825335e+00
2.770373106e+00
2.779866995e+00
2.789309941e+00
2.798698799e+00
2.808040218e+00
2.817332966e+00
2.826569992e+00
2.835765048e+00
2.844905390e+00
2.853998199e+00
2.863038958e+00
2.872043254e+00
2.880992518e+00
2.889903309e+00
2.898778786e+00
2.907607721e+00
2.916412486e+00
2.925163728e+00
2.933899126e+00
2.942597326e+00
2.951274313e+00
2.959897051e+00
2.968481495e+00
2.977014081e+00
2.985466516e+00
2.993810796e+00
3.001995036e+00
3.009963240e+00
3.017613794e+00
3.024819556e+00
3.031390951e+00
3.037124789e+00
3.041694772e+00
3.044692984e+00
3.045583421e+00
3.043683197e+00
