2.891861319e+00
2.878763255e+00
2.858068160e+00
2.834414294e+00
2.809673747e+00
2.784501311e+00
2.759055783e+00
2.733330281e+00
2.707256326e+00
2.680800842e+00
2.653934859e+00
2.626658855e+00
2.598959897e+00
2.570848327e+00
2.542319364e+00
2.513386779e+00
2.484047466e+00
2.454309824e+00
2.424177315e+00
2.393655030e+00
2.362747777e+00
2.331459341e+00
2.299797188e+00
2.267773372e+00
2.235379126e+00
2.202645778e+00
2.169558931e+00
2.136155117e+00
2.102413105e+00
2.068374814e+00
2.034010676e+00
1.999374905e+00
1.964455717e+00
1.929270079e+00
1.893828472e+00
1.858147664e+00
1.822236841e+00
1.786118277e+00
1.749794212e+00
1.713282073e+00
1.676610603e+00
1.639772495e+00
1.602801786e+00
1.565700486e+00
1.528487244e+00
1.491186536e+00
1.453810497e+00
1.416362727e+00
1.378881157e+00
1.341362588e+00
1.303830702e+00
1.266310423e+00
1.228802026e+00
1.191331748e+00
1.153919410e+00
1.116573601e+00
1.079311715e+00
1.042151261e+00
1.005110726e+00
9.682029193e-01
9.314461661e-01
8.948549221e-01
8.584413226e-01
8.222268936e-01
7.862242106e-01
7.504451511e-01
7.149047563e-01
6.796251582e-01
6.446106485e-01
6.098765221e-01
5.754440643e-01
5.413144289e-01
5.075085201e-01
4.740403936e-01
4.409136365e-01
4.081453376e-01
3.757460751e-01
3.437267611e-01
3.120964952e-01
2.808668294e-01
2.500443420e-01
2.196430033e-01
1.896683994e-01
1.601288242e-01
1.310299187e-01
1.023852227e-01
7.419631443e-02
4.647001106e-02
1.921265149e-02
-7.567559883e-03
-3.386791102e-02
-5.968615968e-02
-8.501326060e-02
-1.098488323e-01
-1.341884434e-01
-1.580317292e-01
-1.813720369e-01
-2.042124619e-01
-2.265464522e-01
-2.483744538e-01
-2.697050153e-01
-2.905332521e-01
-3.108218006e-01
-3.306541418e-01
-3.499410148e-01
-3.687436503e-01
-3.870607635e-01
-4.048592065e-01
-4.221534816e-01
-4.389691128e-01
-4.552811583e-01
-4.711104523e-01
-4.864596868e-01
-5.013161427e-01
-5.157207516e-01
-5.296064666e-01
-5.430556134e-01
-5.560244008e-01
-5.685455421e-01
-5.806037848e-01
-5.922028414e-01
-6.033718197e-01
-6.140794730e-01
-6.243611900e-01
-6.341989247e-01
-6.436215867e-01
-6.526170307e-01
-6.611950663e-01
-6.693536476e-01
-6.771102532e-01
-6.844751554e-01
-6.914132798e-01
-6.979869952e-01
-7.041383826e-01
-7.099191653e-01
-7.153362575e-01
-7.203379048e-01
-7.249999930e-01
-7.292745777e-01
-7.331746940e-01
-7.367150460e-01
-7.398929961e-01
-7.427231848e-01
-7.451709503e-01
-7.472959781e-01
-7.490385607e-01
-7.504421471e-01
-7.514907830e-01
-7.521834103e-01
-7.525444769e-01
-7.525444769e-01
-7.521834103e-01
-7.514907830e-01
-7.504421471e-01
-7.490385607e-01
-7.472959781e-01
-7.451709503e-01
-7.427231848e-01
-7.398929961e-01
-7.367150460e-01
-7.331746940e-01
-7.292745777e-01
-7.249999930e-01
-7.203379048e-01
-7.153362575e-01
-7.099191653e-01
-7.041383826e-01
-6.979869952e-01
-6.914132798e-01
-6.844751554e-01
-6.771102532e-01
-6.693536476e-01
-6.611950663e-01
-6.526170307e-01
-6.436215867e-01
-6.341989247e-01
-6.243611900e-01
-6.140794730e-01
-6.033718197e-01
-5.922028414e-01
-5.806037848e-01
-5.685455421e-01
-5.560244008e-01
-5.430556134e-01
-5.296064666e-01
-5.157207516e-01
-5.013161427e-01
-4.864596868e-01
-4.711104523e-01
-4.552811583e-01
-4.389691128e-01
-4.221534816e-01
-4.048592065e-01
-3.870607635e-01
-3.687436503e-01
-3.499410148e-01
-3.306541418e-01
-3.108218006e-01
-2.905332521e-01
-2.697050153e-01
-2.483744538e-01
-2.265464522e-01
-2.042124619e-01
-1.813720369e-01
-1.580317292e-01
-1.341884434e-01
-1.098488323e-01
-8.501326060e-02
-5.968615968e-02
-3.386791102e-02
-7.567559883e-03
1.921265149e-02
4.647001106e-02
7.419631443e-02
1.023852227e-01
1.310299187e-01
1.601288242e-01
1.896683994e-01
2.196430033e-01
2.500443420e-01
2.808668294e-01
3.120964952e-01
3.437267611e-01
3.757460751e-01
4.081453376e-01
4.409136365e-01
4.740403936e-01
5.075085201e-01
5.413144289e-01
5.754440643e-01
6.098765221e-01
6.446106485e-01
6.796251582e-01
7.149047563e-01
7.504451511e-01
7.862242106e-01
8.222268936e-01
8.584413226e-01
8.948549221e-01
9.314461661e-01
9.682029193e-01
1.005110726e+00
1.042151261e+00
1.079311715e+00
1.116573601e+00
1.153919410e+00
1.191331748e+00
1.228802026e+00
1.266310423e+00
1.303830702e+00
1.341362588e+00
1.378881157e+00
1.416362728e+00
1.453810497e+00
1.491186536e+00
1.528487244e+00
1.565700486e+00
1.602801786e+00
1.639772495e+00
1.676610603e+00
1.713282073e+00
1.749794212e+00
1.786118277e+00
1.822236841e+00
1.858147664e+00
1.893828471e+00
1.929270078e+00
1.964455717e+00
1.999374906e+00
2.034010678e+00
2.068374817e+00
2.102413109e+00
2.136155117e+00
2.169558911e+00
2.202645691e+00
2.235378859e+00
2.267772667e+00
2.299799447e+00
2.331458576e+00
2.362747462e+00
2.393654920e+00
2.424177293e+00
2.454309837e+00
2.484047488e+00
2.513386785e+00
2.542319290e+00
2.570847996e+00
2.598958867e+00
2.626656073e+00
2.653944297e+00
2.680797516e+00
2.707254846e+00
2.733329701e+00
2.759055613e+00
2.784501307e+00
2.809673796e+00
2.834414347e+00
2.858068203e+00
2.878763285e+00
2.891861340e+00
