2.974261082e+00
2.945801129e+00
2.907266091e+00
2.865159466e+00
2.821780093e+00
2.777775471e+00
2.733239026e+00
2.688086456e+00
2.642251002e+00
2.595686245e+00
2.548388479e+00
2.500356339e+00
2.451612439e+00
2.402159785e+00
2.352027779e+00
2.301227001e+00
2.249788257e+00
2.197707028e+00
2.145019957e+00
2.091757945e+00
2.037922275e+00
1.983566445e+00
1.928701225e+00
1.873345022e+00
1.817557711e+00
1.761348552e+00
1.704765032e+00
1.647840456e+00
1.590605744e+00
1.533096263e+00
1.475363656e+00
1.417445515e+00
1.359374452e+00
1.301198072e+00
1.242954140e+00
1.184694421e+00
1.126461062e+00
1.068300515e+00
1.010247524e+00
9.523574385e-01
8.946769473e-01
8.372534573e-01
7.801221571e-01
7.233446029e-01
6.669568551e-01
6.110118918e-01
5.555509973e-01
5.006229399e-01
4.462732536e-01
3.925502067e-01
3.394959276e-01
2.871533307e-01
2.355662587e-01
1.847822763e-01
1.348410644e-01
8.578385979e-02
3.765552037e-02
-9.510375692e-03
-5.567281203e-02
-1.007886033e-01
-1.448260138e-01
-1.877488071e-01
-2.295170721e-01
-2.701050316e-01
-3.094702447e-01
-3.475913544e-01
-3.844302781e-01
-4.199589136e-01
-4.541527220e-01
-4.869837060e-01
-5.184232375e-01
-5.484529811e-01
-5.770432262e-01
-6.041597296e-01
-6.298314701e-01
-6.539710520e-01
-6.766096704e-01
-6.976901848e-01
-7.172601334e-01
-7.352112902e-01
-7.516069329e-01
-7.664183551e-01
-7.795745527e-01
-7.911630848e-01
-8.010688976e-01
-8.093515819e-01
-8.159902722e-01
-8.209453759e-01
-8.242205374e-01
-8.258236346e-01
-8.257512873e-01
-8.239307997e-01
-8.204482993e-01
-8.152276643e-01
-8.082780293e-01
-7.996083256e-01
-7.891894003e-01
-7.770093213e-01
-7.631069725e-01
-7.474077013e-01
-7.299498931e-01
-7.107145755e-01
-6.896907644e-01
-6.668753218e-01
-6.422583976e-01
-6.158418954e-01
-5.876113816e-01
-5.575726048e-01
-5.257184780e-01
-4.920534556e-01
-4.565791757e-01
-4.193015994e-01
-3.802281108e-01
-3.393791124e-01
-2.967686713e-01
-2.524246518e-01
-2.063744069e-01
-1.586640258e-01
-1.093377551e-01
-5.845743550e-02
-6.086310719e-03
4.769138136e-02
1.027809475e-01
1.590752767e-01
2.164488065e-01
2.747646180e-01
3.338624602e-01
3.935706615e-01
4.536942512e-01
5.140228377e-01
5.743237767e-01
6.343507457e-01
6.938389577e-01
7.525041126e-01
8.100537560e-01
8.661731164e-01
9.205445694e-01
9.728493700e-01
1.022750112e+00
1.069925787e+00
1.114041014e+00
1.154794408e+00
1.191874652e+00
1.225002501e+00
1.253918468e+00
1.278395840e+00
1.298222643e+00
1.313245649e+00
1.323332176e+00
1.328394546e+00
1.328394546e+00
1.323332176e+00
1.313245649e+00
1.298222643e+00
1.278395840e+00
1.253918468e+00
1.225002501e+00
1.191874652e+00
1.154794408e+00
1.114041014e+00
1.069925787e+00
1.022750112e+00
9.728493700e-01
9.205445694e-01
8.661731164e-01
8.100537560e-01
7.525041126e-01
6.938389577e-01
6.343507457e-01
5.743237767e-01
5.140228377e-01
4.536942512e-01
3.935706615e-01
3.338624602e-01
2.747646180e-01
2.164488065e-01
1.590752767e-01
1.027809475e-01
4.769138136e-02
-6.086310718e-03
-5.845743550e-02
-1.093377551e-01
-1.586640258e-01
-2.063744069e-01
-2.524246518e-01
-2.967686713e-01
-3.393791124e-01
-3.802281108e-01
-4.193015994e-01
-4.565791757e-01
-4.920534556e-01
-5.257184770e-01
-5.575726038e-01
-5.876113816e-01
-6.158418954e-01
-6.422583976e-01
-6.668753218e-01
-6.896907644e-01
-7.107145755e-01
-7.299498931e-01
-7.474077013e-01
-7.631069725e-01
-7.770093213e-01
-7.891894003e-01
-7.996083256e-01
-8.082780293e-01
-8.152276643e-01
-8.204482993e-01
-8.239307997e-01
-8.257512863e-01
-8.258236346e-01
-8.242205374e-01
-8.209453759e-01
-8.159902722e-01
-8.093515819e-01
-8.010688975e-01
-7.911630848e-01
-7.795745527e-01
-7.664183551e-01
-7.516069329e-01
-7.352112902e-01
-7.172601334e-01
-6.976901848e-01
-6.766096704e-01
-6.539710520e-01
-6.298314701e-01
-6.041597296e-01
-5.770432262e-01
-5.484529811e-01
-5.184232375e-01
-4.869837060e-01
-4.541527220e-01
-4.199589136e-01
-3.844302781e-01
-3.475913544e-01
-3.094702447e-01
-2.701050316e-01
-2.295170721e-01
-1.877488061e-01
-1.448260098e-01
-1.007885963e-01
-5.567280602e-02
-9.510389683e-03
3.765542338e-02
8.578351180e-02
1.348400574e-01
1.847852133e-01
2.355652298e-01
2.871529667e-01
3.394958236e-01
3.925501907e-01
4.462732606e-01
5.006229479e-01
5.555510013e-01
6.110118938e-01
6.669568552e-01
7.233446020e-01
7.801221571e-01
8.372534573e-01
8.946769463e-01
9.523574385e-01
1.010247524e+00
1.068300515e+00
1.126461062e+00
1.184694421e+00
1.242954140e+00
1.301198072e+00
1.359374453e+00
1.417445515e+00
1.475363656e+00
1.533096263e+00
1.590605744e+00
1.647840456e+00
1.704765032e+00
1.761348552e+00
1.817557711e+00
1.873345022e+00
1.928701225e+00
1.983566445e+00
2.037922275e+00
2.091757945e+00
2.145019957e+00
2.197707028e+00
2.249788257e+00
2.301227002e+00
2.352027779e+00
2.402159785e+00
2.451612439e+00
2.500356339e+00
2.548388479e+00
2.595686246e+00
2.642251002e+00
2.688086456e+00
2.733239026e+00
2.777775471e+00
2.821780093e+00
2.865159466e+00
2.907266091e+00
2.945801130e+00
2.974261083e+00
