#iter energy            energy_diff  abs_dens     rel_dens     abs_ev       rel_ev      
    1               NaN          NaN  1.90046E+00  9.50232E-01  6.85913E+03  4.28878E+02
    2               NaN          NaN  1.62793E+00  8.13965E-01  1.30265E+01  4.39084E+00
    3               NaN          NaN  1.03546E+00  5.17730E-01  1.81979E+00  1.58664E+00
    4               NaN          NaN  2.98180E-01  1.49090E-01  3.44001E-01  4.28423E-01
    5               NaN          NaN  3.33768E-01  1.66884E-01  1.73815E-01  2.76277E-01
    6               NaN          NaN  5.79169E-01  2.89584E-01  8.73823E-02  1.61297E-01
    7               NaN          NaN  4.09049E-01  2.04524E-01  9.06130E-02  2.00855E-01
    8               NaN          NaN  4.45552E-01  2.22776E-01  6.72336E-02  1.75132E-01
    9               NaN          NaN  2.17880E-01  1.08940E-01  4.53905E-02  1.34088E-01
   10               NaN          NaN  2.02674E-01  1.01337E-01  3.19753E-02  1.04311E-01
   11               NaN          NaN  1.65860E-01  8.29300E-02  3.80960E-02  1.41916E-01
   12               NaN          NaN  9.82744E-02  4.91372E-02  2.06218E-02  8.32133E-02
   13               NaN          NaN  1.07395E-01  5.36973E-02  2.54445E-02  1.14422E-01
   14               NaN          NaN  4.87906E-02  2.43953E-02  1.40551E-02  6.74690E-02
   15               NaN          NaN  6.06002E-02  3.03001E-02  1.51097E-02  7.82036E-02
   16               NaN          NaN  4.57742E-02  2.28871E-02  9.95123E-03  5.43016E-02
   17               NaN          NaN  3.78256E-02  1.89128E-02  8.07590E-03  4.60999E-02
   18               NaN          NaN  4.61238E-02  2.30619E-02  7.48668E-03  4.46444E-02
   19               NaN          NaN  3.30340E-02  1.65170E-02  9.01807E-03  5.68326E-02
   20               NaN          NaN  2.35990E-02  1.17995E-02  5.33007E-03  3.47581E-02
   21               NaN          NaN  2.23991E-02  1.11996E-02  5.33176E-03  3.60215E-02
   22               NaN          NaN  2.99504E-02  1.49752E-02  4.16739E-03  2.89707E-02
   23               NaN          NaN  1.60507E-02  8.02536E-03  3.98568E-03  2.84971E-02
   24               NaN          NaN  2.70196E-02  1.35098E-02  4.46229E-03  3.29562E-02
   25               NaN          NaN  1.17509E-02  5.87546E-03  2.70927E-03  2.04178E-02
   26               NaN          NaN  1.14009E-02  5.70047E-03  2.86966E-03  2.21046E-02
   27               NaN          NaN  1.32282E-02  6.61408E-03  2.48818E-03  1.95406E-02
   28               NaN          NaN  9.88597E-03  4.94298E-03  1.90519E-03  1.51895E-02
   29               NaN          NaN  9.06957E-03  4.53478E-03  1.92497E-03  1.55864E-02
   30               NaN          NaN  7.83351E-03  3.91676E-03  1.53190E-03  1.25595E-02
   31               NaN          NaN  2.16512E-02  1.08256E-02  3.40566E-03  2.87238E-02
   32               NaN          NaN  9.30491E-03  4.65246E-03  1.43655E-03  1.22647E-02
   33               NaN          NaN  7.98576E-03  3.99288E-03  1.36899E-03  1.18260E-02
   34               NaN          NaN  7.24406E-03  3.62203E-03  1.18138E-03  1.03106E-02
   35               NaN          NaN  6.08569E-03  3.04284E-03  1.23099E-03  1.08603E-02
   36               NaN          NaN  9.18709E-03  4.59354E-03  1.83230E-03  1.64308E-02
   37               NaN          NaN  8.21080E-03  4.10540E-03  1.02705E-03  9.29550E-03
   38               NaN          NaN  6.11387E-03  3.05693E-03  9.48878E-04  8.66241E-03
   39               NaN          NaN  6.51295E-03  3.25648E-03  6.68443E-04  6.13976E-03
   40               NaN          NaN  5.62076E-03  2.81038E-03  4.53096E-04  4.17915E-03
   41               NaN          NaN  2.47172E-03  1.23586E-03  6.27881E-04  5.82502E-03
   42               NaN          NaN  2.18521E-03  1.09260E-03  5.89819E-04  5.50202E-03
   43               NaN          NaN  4.90566E-03  2.45283E-03  1.61806E-03  1.53251E-02
   44               NaN          NaN  2.63364E-03  1.31682E-03  3.56108E-04  3.38421E-03
   45               NaN          NaN  1.93988E-03  9.69938E-04  4.79323E-04  4.57601E-03
   46               NaN          NaN  1.72321E-03  8.61607E-04  2.87828E-04  2.75541E-03
   47               NaN          NaN  1.44501E-03  7.22503E-04  2.06536E-04  1.98111E-03
   48               NaN          NaN  1.49004E-03  7.45018E-04  2.19440E-04  2.10933E-03
   49               NaN          NaN  7.76451E-03  3.88226E-03  2.60746E-03  2.57080E-02
   50               NaN          NaN  2.18480E-03  1.09240E-03  1.69659E-04  1.67554E-03
   51               NaN          NaN  1.21494E-03  6.07468E-04  1.55361E-04  1.53670E-03
   52               NaN          NaN  1.14826E-03  5.74132E-04  1.07362E-04  1.06306E-03
   53               NaN          NaN  8.17716E-04  4.08858E-04  1.72895E-04  1.71488E-03
   54               NaN          NaN  6.21849E-04  3.10925E-04  1.03088E-04  1.02354E-03
   55               NaN          NaN  1.31319E-03  6.56593E-04  1.72876E-04  1.71940E-03
   56               NaN          NaN  1.55118E-03  7.75589E-04  2.97115E-04  2.96382E-03
   57               NaN          NaN  1.58406E-03  7.92028E-04  8.21709E-05  8.20353E-04
   58               NaN          NaN  1.19320E-03  5.96598E-04  9.11139E-05  9.10464E-04
   59               NaN          NaN  1.56590E-03  7.82952E-04  7.85345E-05  7.85380E-04
   60               NaN          NaN  1.53681E-03  7.68403E-04  1.38930E-04  1.39130E-03
   61               NaN          NaN  1.88967E-03  9.44835E-04  1.08516E-04  1.08790E-03
   62               NaN          NaN  1.68611E-03  8.43056E-04  6.34698E-05  6.36706E-04
   63               NaN          NaN  1.73519E-03  8.67594E-04  8.88389E-05  8.91994E-04
   64               NaN          NaN  1.53819E-03  7.69096E-04  5.34983E-05  5.37443E-04
   65               NaN          NaN  6.20708E-04  3.10354E-04  3.81814E-05  3.83716E-04
   66               NaN          NaN  6.97815E-04  3.48908E-04  4.89118E-05  4.91797E-04
   67               NaN          NaN  8.27321E-04  4.13660E-04  7.13328E-05  7.17750E-04
   68               NaN          NaN  6.02659E-04  3.01329E-04  2.31956E-05  2.33448E-04
   69               NaN          NaN  5.77244E-04  2.88622E-04  3.75091E-05  3.77647E-04
   70               NaN          NaN  7.96027E-04  3.98013E-04  1.34227E-04  1.35325E-03
   71               NaN          NaN  3.21670E-04  1.60835E-04  4.24290E-05  4.27942E-04
   72               NaN          NaN  5.72316E-04  2.86158E-04  6.71330E-05  6.77568E-04
   73               NaN          NaN  1.50185E-03  7.50926E-04  3.72679E-05  3.76283E-04
   74               NaN          NaN  1.11450E-03  5.57252E-04  3.07294E-05  3.10363E-04
   75               NaN          NaN  3.06571E-04  1.53285E-04  2.40989E-05  2.43455E-04
   76               NaN          NaN  8.12556E-04  4.06278E-04  1.00146E-04  1.01273E-03
   77               NaN          NaN  1.17302E-03  5.86509E-04  3.54553E-05  3.58671E-04
   78               NaN          NaN  1.07282E-03  5.36412E-04  2.15455E-05  2.18005E-04
   79               NaN          NaN  6.39766E-04  3.19883E-04  1.39337E-05  1.41006E-04
   80               NaN          NaN  4.57331E-04  2.28665E-04  1.40013E-05  1.41710E-04
   81               NaN          NaN  5.12170E-04  2.56085E-04  2.71856E-05  2.75227E-04
   82               NaN          NaN  4.62721E-04  2.31361E-04  9.18939E-06  9.30422E-05
   83               NaN          NaN  2.82119E-04  1.41059E-04  1.20296E-05  1.21814E-04
   84               NaN          NaN  4.46264E-04  2.23132E-04  2.51240E-05  2.54475E-04
   85               NaN          NaN  3.19443E-04  1.59722E-04  1.03908E-05  1.05257E-04
   86               NaN          NaN  1.78215E-04  8.91075E-05  1.35417E-05  1.37194E-04
   87               NaN          NaN  6.97362E-04  3.48681E-04  1.18768E-04  1.20472E-03
   88               NaN          NaN  3.91583E-04  1.95791E-04  6.70254E-06  6.79914E-05
   89               NaN          NaN  3.02894E-04  1.51447E-04  9.27740E-06  9.41199E-05
   90               NaN          NaN  2.95084E-04  1.47542E-04  6.19997E-06  6.29031E-05
   91               NaN          NaN  1.97889E-04  9.89447E-05  1.59445E-05  1.61795E-04
   92               NaN          NaN  1.43068E-04  7.15338E-05  9.41397E-06  9.55360E-05
   93               NaN          NaN  2.13030E-04  1.06515E-04  7.94005E-06  8.05846E-05
   94               NaN          NaN  1.88189E-04  9.40945E-05  5.83107E-06  5.91839E-05
   95               NaN          NaN  2.92206E-04  1.46103E-04  7.38842E-06  7.49962E-05
   96               NaN          NaN  2.69260E-04  1.34630E-04  4.74898E-06  4.82069E-05
   97               NaN          NaN  2.13991E-04  1.06996E-04  5.43098E-06  5.51329E-05
   98               NaN          NaN  1.40480E-04  7.02402E-05  9.71370E-06  9.86189E-05
   99               NaN          NaN  9.46607E-05  4.73303E-05  4.37685E-06  4.44382E-05
  100               NaN          NaN  3.91371E-04  1.95685E-04  1.34979E-05  1.37063E-04
  101               NaN          NaN  4.83007E-04  2.41504E-04  7.55627E-06  7.67352E-05
  102               NaN          NaN  1.56616E-04  7.83080E-05  1.19908E-05  1.21784E-04
  103               NaN          NaN  2.03062E-04  1.01531E-04  6.48095E-06  6.58275E-05
  104               NaN          NaN  3.13835E-04  1.56918E-04  4.42183E-06  4.49149E-05
  105               NaN          NaN  2.41382E-04  1.20691E-04  3.94152E-06  4.00378E-05
  106               NaN          NaN  1.35037E-04  6.75187E-05  3.86188E-06  3.92302E-05
  107               NaN          NaN  1.63627E-04  8.18134E-05  3.90043E-06  3.96235E-05
  108               NaN          NaN  1.78665E-04  8.93327E-05  2.86117E-06  2.90667E-05
  109               NaN          NaN  2.16461E-04  1.08231E-04  9.11423E-06  9.26004E-05
  110               NaN          NaN  2.19354E-04  1.09677E-04  3.71535E-06  3.77493E-05
  111               NaN          NaN  5.72064E-05  2.86032E-05  2.88669E-06  2.93306E-05
  112               NaN          NaN  7.32843E-05  3.66421E-05  2.32340E-06  2.36078E-05
  113               NaN          NaN  7.47373E-05  3.73686E-05  5.87569E-06  5.97058E-05
  114               NaN          NaN  5.60443E-05  2.80221E-05  1.25925E-06  1.27961E-05
  115               NaN          NaN  6.91432E-05  3.45716E-05  2.25960E-06  2.29618E-05
  116               NaN          NaN  3.04045E-04  1.52023E-04  2.18217E-05  2.21798E-04
  117               NaN          NaN  2.71188E-04  1.35594E-04  6.08412E-06  6.18436E-05
  118               NaN          NaN  1.19382E-04  5.96910E-05  1.00228E-06  1.01880E-05
  119               NaN          NaN  5.37296E-05  2.68648E-05  2.15471E-06  2.19028E-05
  120               NaN          NaN  2.69002E-04  1.34501E-04  1.74698E-05  1.77613E-04
  121               NaN          NaN  2.53742E-04  1.26871E-04  2.09141E-06  2.12636E-05
  122               NaN          NaN  2.47675E-04  1.23837E-04  2.62763E-06  2.67161E-05
  123               NaN          NaN  2.44897E-04  1.22448E-04  8.65419E-07  8.79911E-06
  124               NaN          NaN  2.93661E-05  1.46830E-05  2.38070E-07  2.42057E-06
  125               NaN          NaN  1.45651E-04  7.28256E-05  2.12356E-06  2.15917E-05
  126               NaN          NaN  2.09197E-04  1.04598E-04  4.89258E-07  4.97466E-06
  127               NaN          NaN  7.85783E-05  3.92891E-05  1.67688E-07  1.70502E-06
  128               NaN          NaN  1.08072E-05  5.40361E-06  1.44223E-07  1.46643E-06
