2.687843446e-06
1.074850548e-05
2.417338590e-05
4.294816452e-05
6.705281919e-05
9.646164993e-05
1.311433092e-04
1.710608378e-04
2.161717076e-04
2.664278691e-04
3.217758059e-04
3.821565939e-04
4.475059677e-04
5.177543908e-04
5.928271333e-04
6.726443537e-04
7.571211865e-04
8.461678355e-04
9.396896720e-04
1.037587338e-03
1.139756854e-03
1.246089733e-03
1.356473098e-03
1.470789803e-03
1.588918565e-03
1.710734087e-03
1.836107200e-03
1.964905001e-03
2.096990996e-03
2.232225245e-03
2.370464515e-03
2.511562435e-03
2.655369651e-03
2.801733987e-03
2.950500607e-03
3.101512183e-03
3.254609065e-03
3.409629445e-03
3.566409538e-03
3.724783752e-03
3.884584865e-03
4.045644205e-03
4.207791830e-03
4.370856707e-03
4.534666894e-03
4.699049724e-03
4.863831990e-03
5.028840124e-03
5.193900386e-03
5.358839043e-03
5.523482559e-03
5.687657774e-03
5.851192088e-03
6.013913645e-03
6.175651512e-03
6.336235860e-03
6.495498143e-03
6.653271278e-03
6.809389815e-03
6.963690116e-03
7.116010523e-03
7.266191531e-03
7.414075954e-03
7.559509085e-03
7.702338864e-03
7.842416036e-03
7.979594302e-03
8.113730474e-03
8.244684627e-03
8.372320240e-03
8.496504339e-03
8.617107635e-03
8.734004660e-03
8.847073891e-03
8.956197881e-03
9.061263378e-03
9.162161440e-03
9.258787548e-03
9.351041713e-03
9.438828577e-03
9.522057511e-03
9.600642708e-03
9.674503268e-03
9.743563280e-03
9.807751897e-03
9.867003412e-03
9.921257316e-03
9.970458364e-03
1.001455662e-02
1.005350753e-02
1.008727193e-02
1.011581610e-02
1.013911180e-02
1.015713630e-02
1.016987237e-02
1.017730835e-02
1.017943808e-02
1.017626097e-02
1.016778197e-02
1.015401157e-02
1.013496575e-02
1.011066602e-02
1.008113933e-02
1.004641809e-02
1.000654010e-02
9.961548503e-03
9.911491774e-03
9.856423622e-03
9.796402950e-03
9.731493790e-03
9.661765226e-03
9.587291323e-03
9.508151041e-03
9.424428153e-03
9.336211153e-03
9.243593157e-03
9.146671806e-03
9.045549160e-03
8.940331583e-03
8.831129638e-03
8.718057961e-03
8.601235141e-03
8.480783594e-03
8.356829431e-03
8.229502326e-03
8.098935377e-03
7.965264964e-03
7.828630606e-03
7.689174816e-03
7.547042944e-03
7.402383030e-03
7.255345646e-03
7.106083738e-03
6.954752465e-03
6.801509037e-03
6.646512550e-03
6.489923822e-03
6.331905222e-03
6.172620501e-03
6.012234625e-03
5.850913601e-03
5.688824303e-03
5.526134303e-03
5.363011696e-03
5.199624923e-03
5.036142602e-03
4.872733353e-03
4.709565621e-03
4.546807505e-03
4.384626588e-03
4.223189762e-03
4.062663056e-03
3.903211470e-03
3.744998805e-03
3.588187495e-03
3.432938442e-03
3.279410855e-03
3.127762085e-03
2.978147469e-03
2.830720168e-03
2.685631020e-03
2.543028381e-03
2.403057981e-03
2.265862775e-03
2.131582800e-03
2.000355037e-03
1.872313273e-03
1.747587968e-03
1.631165019e-03
1.522492170e-03
1.421053876e-03
1.326368867e-03
1.237987865e-03
1.155491464e-03
1.078488142e-03
1.006612411e-03
9.395230817e-04
8.769016557e-04
8.184508125e-04
7.638930042e-04
7.129691410e-04
6.654373642e-04
6.210719015e-04
5.796619975e-04
5.410109151e-04
5.049350044e-04
4.712628322e-04
4.398343703e-04
4.105002366e-04
3.831209882e-04
3.575664598e-04
3.337151474e-04
3.114536319e-04
2.906760422e-04
2.712835526e-04
2.531839145e-04
2.362910194e-04
2.205244901e-04
2.058092995e-04
1.920754153e-04
1.792574674e-04
1.672944378e-04
1.561293712e-04
1.457091048e-04
1.359840162e-04
1.269077875e-04
1.184371859e-04
1.105318582e-04
1.031541394e-04
9.626887372e-05
8.984324803e-05
8.384663567e-05
7.825045119e-05
7.302801457e-05
6.815442448e-05
6.360643999e-05
5.936237017e-05
5.540197103e-05
5.170634933e-05
4.825787281e-05
4.504008635e-05
4.203763381e-05
3.923618503e-05
3.662236769e-05
3.418370374e-05
3.190855010e-05
2.978604326e-05
2.780604767e-05
2.595910750e-05
2.423640173e-05
2.262970212e-05
2.113133418e-05
1.973414058e-05
1.843144717e-05
1.721703123e-05
1.608509187e-05
1.503022247e-05
1.404738496e-05
1.313188586e-05
1.227935402e-05
1.148571981e-05
1.074719582e-05
1.006025885e-05
9.421633214e-06
8.828275207e-06
8.277358663e-06
7.766261580e-06
7.292553715e-06
6.853985099e-06
6.448475420e-06
6.074104223e-06
5.729101879e-06
5.411841280e-06
5.120830235e-06
4.854704506e-06
4.612221477e-06
4.392254412e-06
4.193787283e-06
4.015910136e-06
3.857814984e-06
3.718792206e-06
3.598227432e-06
3.495598903e-06
3.410475300e-06
3.342514023e-06
3.291459924e-06
3.257144484e-06
3.239485440e-06
3.238486843e-06
3.254239579e-06
3.286922334e-06
3.336803021e-06
3.404240675e-06
3.489687840e-06
3.593693438e-06
3.716906172e-06
3.860078448e-06
4.024070864e-06
4.209857291e-06
4.418530552e-06
4.651308766e-06
4.909542364e-06
5.194721837e-06
5.508486247e-06
5.852632557e-06
6.229125832e-06
6.640110357e-06
7.087921760e-06
7.575100177e-06
8.104404557e-06
8.678828176e-06
9.301615447e-06
9.976280122e-06
1.070662499e-05
1.149676318e-05
1.235114116e-05
1.327456366e-05
1.427222048e-05
1.534971549e-05
1.651309797e-05
1.776889636e-05
1.912415467e-05
2.058647179e-05
2.216404390e-05
2.386571010e-05
2.570100174e-05
2.768019549e-05
2.981437061e-05
3.211547063e-05
3.459636989e-05
3.727094518e-05
4.015415303e-05
4.326211285e-05
4.661219673e-05
5.022312599e-05
5.411507536e-05
5.830978514e-05
6.283068211e-05
6.770300974e-05
7.295396853e-05
7.861286714e-05
8.471128529e-05
9.128324919e-05
9.836542057e-05
1.059973003e-04
1.142214478e-04
1.230837172e-04
1.326335123e-04
1.429240604e-04
1.540127079e-04
1.659612385e-04
1.788362165e-04
1.927093554e-04
2.076579160e-04
2.237651354e-04
2.404521833e-04
2.577157945e-04
2.755525725e-04
2.939589887e-04
3.129313827e-04
3.324659615e-04
3.525587993e-04
3.732058378e-04
3.944028854e-04
4.161456177e-04
4.384295772e-04
4.612501733e-04
4.846026825e-04
5.084822487e-04
5.328838829e-04
5.578024640e-04
5.832327388e-04
6.091693222e-04
6.356066981e-04
6.625392191e-04
6.899611079e-04
7.178664571e-04
7.462492302e-04
7.751032621e-04
8.044222598e-04
8.341998033e-04
8.644293464e-04
8.951042174e-04
9.262176199e-04
9.577626342e-04
9.897322179e-04
1.022119207e-03
1.054916318e-03
1.088116147e-03
1.121711172e-03
1.155693755e-03
1.190056143e-03
1.224790468e-03
1.259888749e-03
1.295342895e-03
1.331144703e-03
1.367285864e-03
1.403757962e-03
1.440552475e-03
1.477660778e-03
1.515074145e-03
1.552783749e-03
1.590780666e-03
1.629055875e-03
1.667600261e-03
1.706404616e-03
1.745459644e-03
1.784755957e-03
1.824284083e-03
1.864034465e-03
1.903997465e-03
1.944163363e-03
1.984522363e-03
2.025064594e-03
2.065780109e-03
2.106658893e-03
2.147690862e-03
2.188865865e-03
2.230173687e-03
2.271604054e-03
2.313146631e-03
2.354791029e-03
2.396526803e-03
2.438343459e-03
2.480230453e-03
2.522177197e-03
2.564173059e-03
2.606207366e-03
2.648269410e-03
2.690348444e-03
2.732433693e-03
2.774514350e-03
2.816579584e-03
2.858618538e-03
2.900620336e-03
2.942574083e-03
2.984468871e-03
3.026293778e-03
3.068037874e-03
3.109690224e-03
3.151239888e-03
3.192675927e-03
3.233987406e-03
3.275163394e-03
3.316192971e-03
3.357065228e-03
3.397769273e-03
3.438294229e-03
3.478629244e-03
3.518763488e-03
3.558686160e-03
3.598386489e-03
3.637853738e-03
3.677077207e-03
3.716046236e-03
3.754750208e-03
3.793178553e-03
3.831320750e-03
3.869166330e-03
3.906704879e-03
3.943926045e-03
3.980819534e-03
4.017375119e-03
4.053582641e-03
4.089432012e-03
4.124913217e-03
4.160016320e-03
4.194731465e-03
4.229048878e-03
4.262958873e-03
4.296451853e-03
4.329518313e-03
4.362148844e-03
4.394334136e-03
4.426064977e-03
4.457332264e-03
4.488126999e-03
4.518440292e-03
4.548263370e-03
4.577587573e-03
4.606404360e-03
4.634705313e-03
4.662482135e-03
4.689726660e-03
4.716430848e-03
4.742586794e-03
4.768186726e-03
4.793223011e-03
4.817688155e-03
4.841574808e-03
4.864875764e-03
4.887583966e-03
4.909692506e-03
4.931194630e-03
4.952083737e-03
4.972353386e-03
4.991997293e-03
5.011009337e-03
5.029383561e-03
5.047114176e-03
5.064195559e-03
5.080622257e-03
5.096388993e-03
5.111490661e-03
5.125922334e-03
5.139679261e-03
5.152756874e-03
5.165150784e-03
5.176856789e-03
5.187870869e-03
5.198189195e-03
5.207808124e-03
5.216724204e-03
5.224934174e-03
5.232434969e-03
5.239223717e-03
5.245297740e-03
5.250654560e-03
5.255291896e-03
5.259207669e-03
5.262399997e-03
5.264867203e-03
5.266607810e-03
5.267620548e-03
5.267904350e-03
5.267458352e-03
5.266281901e-03
5.264374546e-03
5.261736048e-03
5.258366372e-03
5.254265695e-03
5.249434400e-03
5.243873081e-03
5.237582541e-03
5.230563795e-03
5.222818065e-03
5.214346786e-03
5.205151601e-03
5.195234364e-03
5.184597141e-03
5.173242207e-03
5.161172045e-03
5.148389351e-03
5.134897029e-03
5.120698190e-03
5.105796156e-03
5.090194456e-03
5.073896827e-03
5.056907211e-03
5.039229759e-03
5.020868824e-03
5.001828966e-03
4.982114946e-03
4.961731730e-03
4.940684482e-03
4.918978571e-03
4.896619561e-03
4.873613215e-03
4.849965495e-03
4.825682554e-03
4.800770742e-03
4.775236601e-03
4.749086861e-03
4.722328445e-03
4.694968461e-03
4.667014203e-03
4.638473149e-03
4.609352958e-03
4.579661472e-03
4.549406707e-03
4.518596859e-03
4.487240294e-03
4.455345553e-03
4.422921345e-03
4.389976546e-03
4.356520197e-03
4.322561502e-03
4.288109824e-03
4.253174684e-03
4.217765758e-03
4.181892875e-03
4.145566012e-03
4.108795293e-03
4.071590987e-03
4.033963504e-03
3.995923393e-03
3.957481336e-03
3.918648150e-03
3.879434780e-03
3.839852298e-03
3.799911898e-03
3.759624896e-03
3.719002723e-03
3.678056925e-03
3.636799157e-03
3.595241180e-03
3.553394861e-03
3.511272166e-03
3.468885157e-03
3.426245989e-03
3.383366908e-03
3.340260244e-03
3.296938411e-03
3.253413902e-03
3.209699282e-03
3.165807191e-03
3.121750334e-03
3.077541482e-03
3.033193464e-03
2.988719166e-03
2.944131527e-03
2.899443534e-03
2.854668218e-03
2.809818652e-03
2.764907944e-03
2.719949235e-03
2.674955697e-03
2.629940524e-03
2.584916933e-03
2.539898156e-03
2.494897438e-03
2.449928034e-03
2.405003202e-03
2.360136202e-03
2.315340288e-03
2.270628710e-03
2.226014703e-03
2.181511488e-03
2.137132264e-03
2.092890209e-03
2.048798471e-03
2.004870165e-03
1.961118371e-03
1.917556128e-03
1.874196432e-03
1.831052227e-03
1.788136407e-03
1.745461809e-03
1.703041208e-03
1.660887315e-03
1.619012772e-03
1.577430147e-03
1.536151933e-03
1.495190540e-03
1.454558295e-03
1.414267434e-03
1.374330102e-03
1.334758348e-03
1.295564116e-03
1.256759252e-03
1.218355489e-03
1.180364448e-03
1.142797638e-03
1.105666444e-03
1.068982130e-03
1.032755832e-03
9.969985577e-04
9.617211769e-04
9.269344241e-04
8.926488915e-04
8.588750266e-04
8.256231286e-04
7.929033449e-04
7.607256676e-04
7.290999306e-04
6.980358059e-04
6.675428004e-04
6.376302528e-04
6.083073308e-04
5.795830271e-04
5.514661573e-04
5.239653563e-04
4.970890757e-04
4.708455807e-04
4.452429474e-04
4.202890599e-04
3.959916075e-04
3.723580824e-04
3.493957769e-04
3.271117805e-04
3.055129780e-04
2.846060468e-04
2.643974544e-04
2.448934564e-04
2.261000941e-04
2.080231922e-04
1.906683571e-04
1.740409743e-04
1.588637216e-04
1.450101168e-04
1.323647108e-04
1.208221250e-04
1.102861726e-04
1.006690570e-04
9.189063973e-05
8.387777233e-05
7.656368677e-05
6.988743873e-05
6.379339967e-05
5.823079305e-05
5.315327118e-05
4.851852879e-05
4.428795050e-05
4.042628893e-05
3.690137090e-05
3.368382931e-05
3.074685835e-05
2.806599011e-05
2.561889067e-05
2.338517393e-05
2.134623175e-05
1.948507886e-05
1.778621131e-05
1.623547729e-05
1.481995916e-05
1.352786584e-05
1.234843452e-05
1.127184104e-05
1.028911795e-05
9.392079838e-06
8.573255109e-06
7.825823737e-06
7.143560432e-06
6.520782780e-06
5.952303891e-06
5.433389187e-06
4.959716955e-06
4.527342341e-06
4.132664485e-06
3.772396524e-06
3.443538205e-06
3.143350892e-06
2.869334756e-06
2.619207942e-06
2.390887567e-06
2.182472367e-06
1.992226858e-06
1.818566880e-06
1.660046404e-06
1.515345483e-06
1.383259260e-06
1.262687931e-06
1.152627587e-06
1.052161847e-06
9.604542313e-07
8.767411923e-07
8.003257537e-07
7.305717078e-07
6.668983155e-07
6.087754705e-07
5.557192842e-07
5.072880560e-07
4.630785945e-07
4.227228604e-07
3.858849008e-07
3.522580523e-07
3.215623871e-07
2.935423817e-07
2.679647891e-07
2.446166973e-07
2.233037553e-07
2.038485556e-07
1.860891568e-07
1.698777351e-07
1.550793534e-07
1.415708381e-07
1.292397531e-07
1.179834642e-07
1.077082839e-07
9.832869225e-08
8.976662395e-08
8.195081905e-08
7.481622940e-08
6.830347722e-08
6.235836071e-08
5.693140287e-08
5.197743957e-08
4.745524361e-08
4.332718147e-08
3.955890010e-08
3.611904088e-08
3.297897864e-08
3.011258334e-08
2.749600259e-08
2.510746309e-08
2.292708941e-08
2.093673853e-08
1.911984885e-08
1.746130234e-08
1.594729867e-08
1.456524040e-08
1.330362812e-08
1.215196469e-08
1.110066795e-08
1.014099091e-08
9.264948991e-09
8.465253551e-09
7.735251233e-09
7.068868598e-09
6.460561576e-09
5.905269331e-09
5.398372144e-09
4.935652968e-09
4.513262337e-09
4.127686330e-09
3.775717334e-09
3.454427347e-09
3.161143617e-09
2.893426403e-09
2.649048668e-09
2.425977555e-09
2.222357468e-09
2.036494631e-09
1.866843000e-09
1.711991394e-09
1.570651756e-09
1.441648435e-09
1.323908406e-09
1.216452341e-09
1.118386460e-09
1.028895099e-09
9.472339180e-10
8.727237145e-10
8.047447682e-10
7.427316873e-10
6.861687049e-10
6.345853876e-10
5.875527221e-10
5.446795466e-10
5.056092962e-10
4.700170369e-10
4.376067628e-10
4.081089334e-10
3.812782315e-10
3.568915226e-10
3.347459985e-10
3.146574906e-10
2.964589380e-10
2.799989971e-10
2.651407836e-10
2.517607332e-10
2.397475743e-10
2.290014017e-10
2.194328463e-10
2.109623310e-10
2.035194094e-10
1.970421792e-10
1.914767673e-10
1.867768819e-10
1.829034271e-10
1.798241776e-10
1.775135104e-10
1.759521917e-10
1.751272165e-10
1.750317002e-10
1.749081359e-10
1.747565362e-10
1.745769230e-10
1.743693267e-10
1.741337866e-10
1.738703510e-10
1.735790768e-10
1.732600299e-10
1.729132851e-10
1.725389261e-10
1.721370453e-10
1.717077441e-10
1.712511329e-10
1.707673307e-10
1.702564656e-10
1.697186744e-10
1.691541028e-10
1.685629053e-10
1.679452452e-10
1.673012947e-10
1.666312344e-10
1.659352540e-10
1.652135517e-10
1.644663345e-10
1.636938178e-10
1.628962258e-10
1.620737911e-10
1.612267548e-10
1.603553666e-10
1.594598844e-10
1.585405745e-10
1.575977115e-10
1.566315783e-10
1.556424658e-10
1.546306731e-10
1.535965072e-10
1.525402833e-10
1.514623240e-10
1.503629603e-10
1.492425304e-10
1.481013805e-10
1.469398639e-10
1.457583418e-10
1.445571825e-10
1.433367615e-10
1.420974617e-10
1.408396728e-10
1.395637915e-10
1.382702215e-10
1.369593729e-10
1.356316628e-10
1.342875143e-10
1.329273574e-10
1.315516278e-10
1.301607677e-10
1.287552251e-10
1.273354540e-10
1.259019138e-10
1.244550698e-10
1.229953925e-10
1.215233577e-10
1.200394466e-10
1.185441450e-10
1.170379438e-10
1.155213384e-10
1.139948288e-10
1.124589195e-10
1.109141188e-10
1.093609395e-10
1.077998978e-10
1.062315140e-10
1.046563116e-10
1.030748177e-10
1.014875623e-10
9.989507862e-11
9.829790251e-11
9.669657253e-11
9.509162966e-11
9.348361712e-11
9.187308020e-11
9.026056605e-11
8.864662349e-11
8.703180285e-11
8.541665571e-11
8.380173478e-11
8.218759363e-11
8.057478655e-11
7.896386831e-11
7.735539397e-11
7.574991869e-11
7.414799751e-11
7.255018516e-11
7.095703582e-11
6.936910297e-11
6.778693913e-11
6.621109571e-11
6.464212273e-11
6.308056868e-11
6.152698026e-11
5.998190222e-11
5.844587710e-11
5.691944507e-11
5.540314369e-11
5.389750772e-11
5.240306889e-11
5.092035572e-11
4.944989329e-11
4.799220307e-11
4.654780265e-11
4.511720561e-11
4.370092126e-11
4.229945446e-11
4.091330544e-11
3.954296954e-11
3.818893709e-11
3.685169313e-11
3.553171728e-11
3.422948350e-11
3.294545995e-11
3.168010872e-11
3.043388573e-11
2.920724047e-11
2.800061587e-11
2.681444806e-11
2.564916626e-11
2.450519252e-11
2.338294163e-11
2.228282087e-11
2.120522990e-11
2.015056056e-11
1.911919669e-11
1.811151402e-11
1.712787996e-11
1.616865348e-11
1.523418493e-11
1.432481590e-11
1.344087910e-11
1.258269817e-11
1.175058756e-11
1.094485243e-11
1.016578847e-11
9.413681770e-12
8.688808748e-12
7.991435980e-12
7.321820100e-12
6.680207691e-12
6.066835172e-12
5.481928693e-12
4.925704037e-12
4.398366526e-12
3.900110923e-12
3.431121353e-12
2.991571212e-12
2.581623096e-12
2.201428721e-12
1.851128858e-12
1.530853267e-12
1.240720635e-12
9.808385229e-13
7.513033142e-13
5.522001688e-13
3.836029814e-13
2.455743455e-13
1.381655215e-13
6.141640995e-14
1.535552958e-14
