8.030387345e-07
3.211771696e-06
7.225049493e-06
1.284095738e-05
2.005681644e-05
2.886918510e-05
3.927386102e-05
5.126588340e-05
6.483953553e-05
7.998834784e-05
9.670510122e-05
1.149818307e-04
1.348098295e-04
1.561796534e-04
1.790811258e-04
2.035033423e-04
2.294346765e-04
2.568627858e-04
2.857746175e-04
3.161564150e-04
3.479937252e-04
3.812714048e-04
4.159736287e-04
4.520838969e-04
4.895850435e-04
5.284592440e-04
5.686880253e-04
6.102522736e-04
6.531322445e-04
6.973075722e-04
7.427572797e-04
7.894597888e-04
8.373929306e-04
8.865339566e-04
9.368595493e-04
9.883458336e-04
1.040968389e-03
1.094702259e-03
1.149521968e-03
1.205401529e-03
1.262314458e-03
1.320233785e-03
1.379132072e-03
1.438981420e-03
1.499753486e-03
1.561419496e-03
1.623950260e-03
1.687316182e-03
1.751487279e-03
1.816433193e-03
1.882123206e-03
1.948526254e-03
2.015610943e-03
2.083345563e-03
2.151698106e-03
2.220636275e-03
2.290127507e-03
2.360138984e-03
2.430637650e-03
2.501590224e-03
2.572963223e-03
2.644722969e-03
2.716835612e-03
2.789267142e-03
2.861983408e-03
2.934950131e-03
3.008132925e-03
3.081497309e-03
3.155008723e-03
3.228632551e-03
3.302334128e-03
3.376078765e-03
3.449831758e-03
3.523558411e-03
3.597224049e-03
3.670794034e-03
3.744233782e-03
3.817508781e-03
3.890584605e-03
3.963426931e-03
4.036001556e-03
4.108274413e-03
4.180211584e-03
4.251779321e-03
4.322944060e-03
4.393672432e-03
4.463931287e-03
4.533687705e-03
4.602909009e-03
4.671562786e-03
4.739616898e-03
4.807039500e-03
4.873799051e-03
4.939864333e-03
5.005204462e-03
5.069788906e-03
5.133587496e-03
5.196570443e-03
5.258708348e-03
5.319972220e-03
5.380333486e-03
5.439764007e-03
5.498236090e-03
5.555722499e-03
5.612196470e-03
5.667631724e-03
5.722002477e-03
5.775283452e-03
5.827449892e-03
5.878477572e-03
5.928342807e-03
5.977022466e-03
6.024493983e-03
6.070735362e-03
6.115725195e-03
6.159442666e-03
6.201867561e-03
6.242980282e-03
6.282761848e-03
6.321193912e-03
6.358258763e-03
6.393939338e-03
6.428219225e-03
6.461082677e-03
6.492514614e-03
6.522500631e-03
6.551027006e-03
6.578080703e-03
6.603649381e-03
6.627721398e-03
6.650285815e-03
6.671332402e-03
6.690851645e-03
6.708834745e-03
6.725273625e-03
6.740160931e-03
6.753490041e-03
6.765255058e-03
6.775450823e-03
6.784072909e-03
6.791117626e-03
6.796582022e-03
6.800463884e-03
6.802761740e-03
6.803474856e-03
6.802603239e-03
6.800147635e-03
6.796109529e-03
6.790491143e-03
6.783295436e-03
6.774526103e-03
6.764187567e-03
6.752284985e-03
6.738824240e-03
6.723811938e-03
6.707255407e-03
6.689162689e-03
6.669542542e-03
6.648404430e-03
6.625758520e-03
6.601615678e-03
6.575987464e-03
6.548886121e-03
6.520324576e-03
6.490316430e-03
6.458875951e-03
6.426018068e-03
6.391758364e-03
6.356113065e-03
6.319099039e-03
6.280733780e-03
6.241035405e-03
6.200022643e-03
6.157714825e-03
6.114131879e-03
6.069294313e-03
6.023223213e-03
5.975940228e-03
5.927467559e-03
5.877827955e-03
5.827044692e-03
5.775141572e-03
5.722142902e-03
5.668073492e-03
5.612958635e-03
5.556824101e-03
5.499696120e-03
5.441601374e-03
5.382566980e-03
5.322620482e-03
5.261789831e-03
5.200103381e-03
5.137589868e-03
5.074278399e-03
5.010198439e-03
4.945379797e-03
4.879852612e-03
4.813647336e-03
4.746794725e-03
4.679325820e-03
4.611271936e-03
4.542664643e-03
4.473535756e-03
4.403917317e-03
4.333841582e-03
4.263341002e-03
4.192448216e-03
4.121196025e-03
4.049617388e-03
3.977745397e-03
3.905613267e-03
3.833254320e-03
3.760701970e-03
3.687989703e-03
3.615151070e-03
3.542219662e-03
3.469229102e-03
3.396213025e-03
3.323205066e-03
3.250238840e-03
3.177347931e-03
3.104565876e-03
3.031926145e-03
2.959462132e-03
2.887207135e-03
2.815194344e-03
2.743456824e-03
2.672027500e-03
2.600939142e-03
2.530224351e-03
2.459915544e-03
2.390044938e-03
2.320644536e-03
2.251746115e-03
2.183381207e-03
2.115581088e-03
2.048376762e-03
1.981798950e-03
1.915878073e-03
1.850644239e-03
1.786127230e-03
1.722356491e-03
1.659361112e-03
1.597169817e-03
1.535810953e-03
1.475312476e-03
1.415701938e-03
1.357006475e-03
1.299252796e-03
1.242467169e-03
1.186675413e-03
1.133386843e-03
1.082489237e-03
1.033875400e-03
9.874429385e-04
9.430940473e-04
9.007353034e-04
8.602774697e-04
8.216353078e-04
7.847273984e-04
7.494759711e-04
7.158067402e-04
6.836487491e-04
6.529342211e-04
6.235984172e-04
5.955794995e-04
5.688184019e-04
5.432587055e-04
5.188465203e-04
4.955303717e-04
4.732610926e-04
4.519917197e-04
4.316773952e-04
4.122752719e-04
3.937444238e-04
3.760457596e-04
3.591419404e-04
3.429973016e-04
3.275777776e-04
3.128508304e-04
2.987853807e-04
2.853517432e-04
2.725215635e-04
2.602677588e-04
2.485644609e-04
2.373869617e-04
2.267116613e-04
2.165160182e-04
2.067785021e-04
1.974785482e-04
1.885965144e-04
1.801136396e-04
1.720120043e-04
1.642744929e-04
1.568847578e-04
1.498271846e-04
1.430868597e-04
1.366495386e-04
1.305016161e-04
1.246300971e-04
1.190225703e-04
1.136671808e-04
1.085526061e-04
1.036680319e-04
9.900312904e-05
9.454803232e-05
9.029331924e-05
8.622999034e-05
8.234945019e-05
7.864348932e-05
7.510426687e-05
7.172429409e-05
6.849641855e-05
6.541380907e-05
6.246994129e-05
5.965858395e-05
5.697378573e-05
5.440986271e-05
5.196138639e-05
4.962317221e-05
4.739026868e-05
4.525794685e-05
4.322169043e-05
4.127718617e-05
3.942031484e-05
3.764714248e-05
3.595391214e-05
3.433703593e-05
3.279308748e-05
3.131879465e-05
2.991103269e-05
2.856681760e-05
2.728329986e-05
2.605775840e-05
2.488759485e-05
2.377032808e-05
2.270358893e-05
2.168511525e-05
2.071274708e-05
1.978442212e-05
1.889817134e-05
1.805211489e-05
1.724445806e-05
1.647348751e-05
1.573756769e-05
1.503513733e-05
1.436470619e-05
1.372485189e-05
1.311421689e-05
1.253150568e-05
1.197548197e-05
1.144496616e-05
1.093883277e-05
1.045600812e-05
9.995468065e-06
9.556235782e-06
9.137379765e-06
8.738011828e-06
8.357285246e-06
7.994392961e-06
7.648565885e-06
7.319071278e-06
7.005211203e-06
6.706321058e-06
6.421768176e-06
6.150950493e-06
5.893295283e-06
5.648257954e-06
5.415320904e-06
5.193992432e-06
4.983805714e-06
4.784317817e-06
4.595108777e-06
4.415780721e-06
4.245957035e-06
4.085281579e-06
3.933417948e-06
3.790048774e-06
3.654875065e-06
3.527615592e-06
3.408006306e-06
3.295799800e-06
3.190764797e-06
3.092685685e-06
3.001362079e-06
2.916608414e-06
2.838253578e-06
2.766140573e-06
2.700126204e-06
2.640080802e-06
2.585887979e-06
2.537444407e-06
2.494659632e-06
2.457455910e-06
2.425768078e-06
2.399543452e-06
2.378741746e-06
2.363335034e-06
2.353307725e-06
2.348656572e-06
2.349390715e-06
2.355531742e-06
2.367113787e-06
2.384183654e-06
2.406800969e-06
2.435038366e-06
2.468981700e-06
2.508730289e-06
2.554397199e-06
2.606109545e-06
2.664008838e-06
2.728251360e-06
2.799008579e-06
2.876467595e-06
2.960831625e-06
3.052320532e-06
3.151171383e-06
3.257639061e-06
3.371996910e-06
3.494537430e-06
3.625573018e-06
3.765436754e-06
3.914483239e-06
4.073089488e-06
4.241655875e-06
4.420607131e-06
4.610393409e-06
4.811491406e-06
5.024405551e-06
5.249669261e-06
5.487846267e-06
5.739532012e-06
6.005355136e-06
6.285979028e-06
6.582103474e-06
6.894466389e-06
7.223845644e-06
7.571060993e-06
7.936976095e-06
8.322500655e-06
8.728592667e-06
9.156260780e-06
9.606566794e-06
1.008062827e-05
1.057962130e-05
1.110478340e-05
1.165741656e-05
1.223889046e-05
1.285064583e-05
1.349419803e-05
1.417114075e-05
1.488314995e-05
1.563198800e-05
1.641950798e-05
1.724765830e-05
1.811848742e-05
1.903414896e-05
1.999690697e-05
2.100914147e-05
2.207335435e-05
2.319217552e-05
2.436836933e-05
2.560484141e-05
2.690464579e-05
2.827099241e-05
2.970725504e-05
3.121697949e-05
3.280389242e-05
3.447191040e-05
3.622514962e-05
3.806793593e-05
4.000481548e-05
4.204056591e-05
4.418020804e-05
4.642901822e-05
4.879254128e-05
5.127660413e-05
5.388733007e-05
5.663115379e-05
5.951483719e-05
6.254548595e-05
6.573056698e-05
6.907792670e-05
7.259581032e-05
7.629288204e-05
8.017824630e-05
8.426147011e-05
8.855260650e-05
9.306221916e-05
9.780140834e-05
1.027818381e-04
1.080157647e-04
1.135160670e-04
1.192962776e-04
1.253706164e-04
1.317540251e-04
1.384622040e-04
1.455116503e-04
1.529196989e-04
1.607045641e-04
1.688853850e-04
1.774822721e-04
1.862835415e-04
1.952882891e-04
2.044955870e-04
2.139044835e-04
2.235140030e-04
2.333231460e-04
2.433308894e-04
2.535361861e-04
2.639379651e-04
2.745351318e-04
2.853265675e-04
2.963111301e-04
3.074876533e-04
3.188549474e-04
3.304117989e-04
3.421569706e-04
3.540892018e-04
3.662072080e-04
3.785096814e-04
3.909952907e-04
4.036626810e-04
4.165104743e-04
4.295372693e-04
4.427416412e-04
4.561221424e-04
4.696773022e-04
4.834056268e-04
4.973055996e-04
5.113756813e-04
5.256143098e-04
5.400199004e-04
5.545908462e-04
5.693255175e-04
5.842222628e-04
5.992794082e-04
6.144952579e-04
6.298680942e-04
6.453961776e-04
6.610777471e-04
6.769110203e-04
6.928941934e-04
7.090254412e-04
7.253029179e-04
7.417247567e-04
7.582890699e-04
7.749939494e-04
7.918374670e-04
8.088176738e-04
8.259326014e-04
8.431802612e-04
8.605586452e-04
8.780657257e-04
8.956994560e-04
9.134577703e-04
9.313385837e-04
9.493397928e-04
9.674592759e-04
9.856948928e-04
1.004044486e-03
1.022505878e-03
1.041076877e-03
1.059755272e-03
1.078538834e-03
1.097425319e-03
1.116412465e-03
1.135497995e-03
1.154679615e-03
1.173955014e-03
1.193321867e-03
1.212777833e-03
1.232320556e-03
1.251947665e-03
1.271656774e-03
1.291445483e-03
1.311311379e-03
1.331252033e-03
1.351265005e-03
1.371347839e-03
1.391498068e-03
1.411713212e-03
1.431990778e-03
1.452328262e-03
1.472723147e-03
1.493172906e-03
1.513674998e-03
1.534226876e-03
1.554825977e-03
1.575469730e-03
1.596155557e-03
1.616880865e-03
1.637643055e-03
1.658439520e-03
1.679267640e-03
1.700124791e-03
1.721008340e-03
1.741915644e-03
1.762844055e-03
1.783790918e-03
1.804753570e-03
1.825729342e-03
1.846715560e-03
1.867709544e-03
1.888708607e-03
1.909710060e-03
1.930711207e-03
1.951709349e-03
1.972701782e-03
1.993685800e-03
2.014658692e-03
2.035617747e-03
2.056560247e-03
2.077483477e-03
2.098384716e-03
2.119261244e-03
2.140110341e-03
2.160929283e-03
2.181715347e-03
2.202465813e-03
2.223177957e-03
2.243849058e-03
2.264476398e-03
2.285057257e-03
2.305588919e-03
2.326068670e-03
2.346493798e-03
2.366861596e-03
2.387169359e-03
2.407414386e-03
2.427593980e-03
2.447705449e-03
2.467746106e-03
2.487713269e-03
2.507604263e-03
2.527416416e-03
2.547147066e-03
2.566793557e-03
2.586353238e-03
2.605823469e-03
2.625201616e-03
2.644485053e-03
2.663671164e-03
2.682757342e-03
2.701740989e-03
2.720619518e-03
2.739390350e-03
2.758050920e-03
2.776598671e-03
2.795031059e-03
2.813345551e-03
2.831539628e-03
2.849610781e-03
2.867556516e-03
2.885374351e-03
2.903061819e-03
2.920616465e-03
2.938035851e-03
2.955317552e-03
2.972459158e-03
2.989458277e-03
3.006312529e-03
3.023019553e-03
3.039577005e-03
3.055982555e-03
3.072233895e-03
3.088328730e-03
3.104264785e-03
3.120039805e-03
3.135651551e-03
3.151097804e-03
3.166376367e-03
3.181485058e-03
3.196421720e-03
3.211184213e-03
3.225770419e-03
3.240178242e-03
3.254405607e-03
3.268450460e-03
3.282310770e-03
3.295984529e-03
3.309469750e-03
3.322764471e-03
3.335866753e-03
3.348774680e-03
3.361486362e-03
3.373999930e-03
3.386313544e-03
3.398425385e-03
3.410333662e-03
3.422036610e-03
3.433532486e-03
3.444819579e-03
3.455896199e-03
3.466760687e-03
3.477411408e-03
3.487846757e-03
3.498065155e-03
3.508065051e-03
3.517844922e-03
3.527403275e-03
3.536738645e-03
3.545849594e-03
3.554734716e-03
3.563392633e-03
3.571821996e-03
3.580021489e-03
3.587989824e-03
3.595725742e-03
3.603228018e-03
3.610495455e-03
3.617526890e-03
3.624321188e-03
3.630877248e-03
3.637194001e-03
3.643270408e-03
3.649105463e-03
3.654698194e-03
3.660047659e-03
3.665152950e-03
3.670013192e-03
3.674627544e-03
3.678995196e-03
3.683115374e-03
3.686987335e-03
3.690610373e-03
3.693983813e-03
3.697107016e-03
3.699979376e-03
3.702600322e-03
3.704969319e-03
3.707085863e-03
3.708949488e-03
3.710559762e-03
3.711916288e-03
3.713018703e-03
3.713866682e-03
3.714459933e-03
3.714798200e-03
3.714881263e-03
3.714708936e-03
3.714281072e-03
3.713597557e-03
3.712658314e-03
3.711463302e-03
3.710012514e-03
3.708305982e-03
3.706343772e-03
3.704125988e-03
3.701652769e-03
3.698924289e-03
3.695940761e-03
3.692702432e-03
3.689209587e-03
3.685462545e-03
3.681461664e-03
3.677207337e-03
3.672699992e-03
3.667940097e-03
3.662928151e-03
3.657664695e-03
3.652150302e-03
3.646385582e-03
3.640371183e-03
3.634107788e-03
3.627596115e-03
3.620836920e-03
3.613830993e-03
3.606579161e-03
3.599082288e-03
3.591341271e-03
3.583357045e-03
3.575130579e-03
3.566662880e-03
3.557954986e-03
3.549007975e-03
3.539822957e-03
3.530401079e-03
3.520743522e-03
3.510851501e-03
3.500726268e-03
3.490369107e-03
3.479781338e-03
3.468964316e-03
3.457919428e-03
3.446648096e-03
3.435151777e-03
3.423431959e-03
3.411490165e-03
3.399327952e-03
3.386946909e-03
3.374348658e-03
3.361534854e-03
3.348507184e-03
3.335267368e-03
3.321817158e-03
3.308158338e-03
3.294292723e-03
3.280222159e-03
3.265948525e-03
3.251473729e-03
3.236799711e-03
3.221928442e-03
3.206861920e-03
3.191602178e-03
3.176151274e-03
3.160511298e-03
3.144684369e-03
3.128672634e-03
3.112478269e-03
3.096103479e-03
3.079550495e-03
3.062821578e-03
3.045919016e-03
3.028845122e-03
3.011602239e-03
2.994192735e-03
2.976619003e-03
2.958883464e-03
2.940988563e-03
2.922936770e-03
2.904730582e-03
2.886372519e-03
2.867865124e-03
2.849210966e-03
2.830412636e-03
2.811472749e-03
2.792393943e-03
2.773178877e-03
2.753830232e-03
2.734350714e-03
2.714743045e-03
2.695009972e-03
2.675154261e-03
2.655178698e-03
2.635086089e-03
2.614879260e-03
2.594561053e-03
2.574134333e-03
2.553601979e-03
2.532966891e-03
2.512231984e-03
2.491400190e-03
2.470474460e-03
2.449457757e-03
2.428353063e-03
2.407163373e-03
2.385891699e-03
2.364541065e-03
2.343114510e-03
2.321615087e-03
2.300045860e-03
2.278409907e-03
2.256710318e-03
2.234950196e-03
2.213132652e-03
2.191260809e-03
2.169337803e-03
2.147366776e-03
2.125350881e-03
2.103293280e-03
2.081197144e-03
2.059065650e-03
2.036901985e-03
2.014709340e-03
1.992490916e-03
1.970249917e-03
1.947989555e-03
1.925713046e-03
1.903423609e-03
1.881124471e-03
1.858818860e-03
1.836510007e-03
1.814201147e-03
1.791895517e-03
1.769596354e-03
1.747306899e-03
1.725030392e-03
1.702770074e-03
1.680529185e-03
1.658310965e-03
1.636118652e-03
1.613955483e-03
1.591824694e-03
1.569729515e-03
1.547673177e-03
1.525658903e-03
1.503689916e-03
1.481769431e-03
1.459900660e-03
1.438086808e-03
1.416331076e-03
1.394636655e-03
1.373006733e-03
1.351444486e-03
1.329953085e-03
1.308535693e-03
1.287195460e-03
1.265935531e-03
1.244759039e-03
1.223669105e-03
1.202668841e-03
1.181761348e-03
1.160949712e-03
1.140237011e-03
1.119626306e-03
1.099120646e-03
1.078723068e-03
1.058436591e-03
1.038264223e-03
1.018208953e-03
9.982737577e-04
9.784615948e-04
9.587754069e-04
9.392181187e-04
9.197926377e-04
9.005018530e-04
8.813486352e-04
8.623358361e-04
8.434662877e-04
8.247428024e-04
8.061681719e-04
7.877451675e-04
7.694765390e-04
7.513650145e-04
7.334133000e-04
7.156240791e-04
6.980000122e-04
6.805437363e-04
6.632578647e-04
6.461449864e-04
6.292076656e-04
6.124484415e-04
5.958698277e-04
5.794743121e-04
5.632643560e-04
5.472423942e-04
5.314108342e-04
5.157720563e-04
5.003284124e-04
4.850822266e-04
4.700357940e-04
4.551913810e-04
4.405512242e-04
4.261175306e-04
4.118924771e-04
3.978782101e-04
3.840768449e-04
3.704904659e-04
3.571211258e-04
3.439708452e-04
3.310416128e-04
3.183353845e-04
3.058540834e-04
2.935995993e-04
2.815737885e-04
2.697784733e-04
2.582154421e-04
2.468864487e-04
2.357932119e-04
2.249374158e-04
2.143207089e-04
2.039447043e-04
1.938109788e-04
1.839210734e-04
1.742764924e-04
1.648787035e-04
1.557291374e-04
1.468291876e-04
1.381802101e-04
1.297835231e-04
1.216404071e-04
1.137521043e-04
1.061198183e-04
9.874471452e-05
9.162791920e-05
8.477051973e-05
7.817356424e-05
7.183806144e-05
6.576498045e-05
5.995525061e-05
5.440976128e-05
4.912936174e-05
4.411486094e-05
3.936702741e-05
3.488658909e-05
3.067423316e-05
2.673060597e-05
2.305631282e-05
1.965191791e-05
1.651794418e-05
1.365487321e-05
1.106314513e-05
8.743158476e-06
6.695270159e-06
4.919795331e-06
3.417007324e-06
2.187137574e-06
1.230375557e-06
5.468687247e-07
1.367224542e-07
