3.344306049e-10
1.337393226e-09
3.007900811e-09
5.344309758e-09
8.344321873e-09
1.200498698e-08
1.632270615e-08
2.129323562e-08
2.691169127e-08
3.317255380e-08
4.006967450e-08
4.759628162e-08
5.574498739e-08
6.450779559e-08
7.387610979e-08
8.384074211e-08
9.439192255e-08
1.055193090e-07
1.172119975e-07
1.294585338e-07
1.422469240e-07
1.555646478e-07
1.693986700e-07
1.837354544e-07
1.985609767e-07
2.138607393e-07
2.296197851e-07
2.458227129e-07
2.624536925e-07
2.794964805e-07
2.969344368e-07
3.147505407e-07
3.329274081e-07
3.514473084e-07
3.702921827e-07
3.894436611e-07
4.088830811e-07
4.285915060e-07
4.485497438e-07
4.687383658e-07
4.891377261e-07
5.097279806e-07
5.304891070e-07
5.514009240e-07
5.724431113e-07
5.935952297e-07
6.148367410e-07
6.361470282e-07
6.575054156e-07
6.788911891e-07
7.002836163e-07
7.216619671e-07
7.430055336e-07
7.642936502e-07
7.855057141e-07
8.066212053e-07
8.276197060e-07
8.484809213e-07
8.691846980e-07
8.897110450e-07
9.100401520e-07
9.301524088e-07
9.500284247e-07
9.696490465e-07
9.889953776e-07
1.008048796e-06
1.026790972e-06
1.045203886e-06
1.063269845e-06
1.080971503e-06
1.098291872e-06
1.115214342e-06
1.131722698e-06
1.147801130e-06
1.163434255e-06
1.178607127e-06
1.193305250e-06
1.207514599e-06
1.221221623e-06
1.234413267e-06
1.247076979e-06
1.259200723e-06
1.270772992e-06
1.281782814e-06
1.292219769e-06
1.302073992e-06
1.311336188e-06
1.319997636e-06
1.328050200e-06
1.335486333e-06
1.342299088e-06
1.348482121e-06
1.354029699e-06
1.358936704e-06
1.363198636e-06
1.366811619e-06
1.369772403e-06
1.372078368e-06
1.373727525e-06
1.374718516e-06
1.375050618e-06
1.374723742e-06
1.373738429e-06
1.372095855e-06
1.369797825e-06
1.366846772e-06
1.363245754e-06
1.358998452e-06
1.354109163e-06
1.348582797e-06
1.342424874e-06
1.335641514e-06
1.328239431e-06
1.320225932e-06
1.311608899e-06
1.302396793e-06
1.292598635e-06
1.282224003e-06
1.271283019e-06
1.259786343e-06
1.247745157e-06
1.235171158e-06
1.222076543e-06
1.208474000e-06
1.194376694e-06
1.179798253e-06
1.164752756e-06
1.149254719e-06
1.133319081e-06
1.116961187e-06
1.100196776e-06
1.083041963e-06
1.065513227e-06
1.047627389e-06
1.029401603e-06
1.010853332e-06
9.920003365e-07
9.728606555e-07
9.534525880e-07
9.337946769e-07
9.139056900e-07
8.938046029e-07
8.735105799e-07
8.530429564e-07
8.324212196e-07
8.116649906e-07
7.907940050e-07
7.698280948e-07
7.487871687e-07
7.276911938e-07
7.065601764e-07
6.854141430e-07
6.642731213e-07
6.431571216e-07
6.220861176e-07
6.010800276e-07
5.801586959e-07
5.593418740e-07
5.386492025e-07
5.181001919e-07
4.977142054e-07
4.775104400e-07
4.575079091e-07
4.377254246e-07
4.181815796e-07
3.988947311e-07
3.798829833e-07
3.611641704e-07
3.437698867e-07
3.276162192e-07
3.126252367e-07
2.987246142e-07
2.858472855e-07
2.739311201e-07
2.629186243e-07
2.527566648e-07
2.433962127e-07
2.347921081e-07
2.269028422e-07
2.196903584e-07
2.131198688e-07
2.071596870e-07
2.017810760e-07
1.969581103e-07
1.926675507e-07
1.888887335e-07
1.856034714e-07
1.827959658e-07
1.804527319e-07
1.785625338e-07
1.771163317e-07
1.761072383e-07
1.755304870e-07
1.753834095e-07
1.756654241e-07
1.763780337e-07
1.775248341e-07
1.791115330e-07
1.811459783e-07
1.836381976e-07
1.866004483e-07
1.900472778e-07
1.939955959e-07
1.984647585e-07
2.034766622e-07
2.090558532e-07
2.152296476e-07
2.220282659e-07
2.294849816e-07
2.376362853e-07
2.465220634e-07
2.561857951e-07
2.666747651e-07
2.780402969e-07
2.903380046e-07
3.036280666e-07
3.179755211e-07
3.334505860e-07
3.501290041e-07
3.680924155e-07
3.874287591e-07
4.082327049e-07
4.306061198e-07
4.546585688e-07
4.805078536e-07
5.082805929e-07
5.381128449e-07
5.701507772e-07
6.045513868e-07
6.414832725e-07
6.811274654e-07
7.236783207e-07
7.693444752e-07
8.183498749e-07
8.709348793e-07
9.273574456e-07
9.878944008e-07
1.052842807e-06
1.122521425e-06
1.197272290e-06
1.277462395e-06
1.363485505e-06
1.455764101e-06
1.554751464e-06
1.660933913e-06
1.774833208e-06
1.897009130e-06
2.028062243e-06
2.168636864e-06
2.319424249e-06
2.481166011e-06
2.654657787e-06
2.840753171e-06
3.040367946e-06
3.254484607e-06
3.484157230e-06
3.730516691e-06
3.994776264e-06
4.278237634e-06
4.582297346e-06
4.908453728e-06
5.258314314e-06
5.633603821e-06
6.036172702e-06
6.468006323e-06
6.931234818e-06
7.428143663e-06
7.961185021e-06
8.532989922e-06
9.146381331e-06
9.804388175e-06
1.051026040e-05
1.126748512e-05
1.207980398e-05
1.295123172e-05
1.388607623e-05
1.488895990e-05
1.596484269e-05
1.711904683e-05
1.835728329e-05
1.968568030e-05
2.111081382e-05
2.263974038e-05
2.428003226e-05
2.603981526e-05
2.792780926e-05
2.995337172e-05
3.212654444e-05
3.445810371e-05
3.695961414e-05
3.964348648e-05
4.252303966e-05
4.561256741e-05
4.892740978e-05
5.248402991e-05
5.630009646e-05
6.039457209e-05
6.478780849e-05
6.950164837e-05
7.455953496e-05
7.998662962e-05
8.580993810e-05
9.205844604e-05
9.876326458e-05
1.059577866e-04
1.136778545e-04
1.219619406e-04
1.308513403e-04
1.403903800e-04
1.506266403e-04
1.616111958e-04
1.733988717e-04
1.860485208e-04
1.996233200e-04
2.141910890e-04
2.298246327e-04
2.466021084e-04
2.646074212e-04
2.839306475e-04
3.046684908e-04
3.269247708e-04
3.508109488e-04
3.764466922e-04
4.039604807e-04
4.334902577e-04
4.651841295e-04
4.992011175e-04
5.357119649e-04
5.749000046e-04
6.169620905e-04
6.621095990e-04
7.105695042e-04
7.625855339e-04
8.184194106e-04
8.783521863e-04
9.400668392e-04
1.003518757e-03
1.068662256e-03
1.135450620e-03
1.203836157e-03
1.273770242e-03
1.345203362e-03
1.418085175e-03
1.492364549e-03
1.567989620e-03
1.644907836e-03
1.723066015e-03
1.802410389e-03
1.882886660e-03
1.964440053e-03
2.047015360e-03
2.130557001e-03
2.215009072e-03
2.300315395e-03
2.386419575e-03
2.473265046e-03
2.560795128e-03
2.648953076e-03
2.737682129e-03
2.826925566e-03
2.916626753e-03
3.006729194e-03
3.097176582e-03
3.187912846e-03
3.278882201e-03
3.370029198e-03
3.461298768e-03
3.552636271e-03
3.643987542e-03
3.735298936e-03
3.826517372e-03
3.917590379e-03
4.008466137e-03
4.099093519e-03
4.189422132e-03
4.279402357e-03
4.368985390e-03
4.458123278e-03
4.546768956e-03
4.634876281e-03
4.722400071e-03
4.809296135e-03
4.895521307e-03
4.981033473e-03
5.065791607e-03
5.149755796e-03
5.232887263e-03
5.315148403e-03
5.396502797e-03
5.476915241e-03
5.556351766e-03
5.634779658e-03
5.712167479e-03
5.788485080e-03
5.863703623e-03
5.937795590e-03
6.010734798e-03
6.082496414e-03
6.153056961e-03
6.222394327e-03
6.290487776e-03
6.357317949e-03
6.422866873e-03
6.487117959e-03
6.550056009e-03
6.611667212e-03
6.671939144e-03
6.730860764e-03
6.788422411e-03
6.844615799e-03
6.899434009e-03
6.952871478e-03
7.004923995e-03
7.055588685e-03
7.104863996e-03
7.152749690e-03
7.199246823e-03
7.244357732e-03
7.288086015e-03
7.330436513e-03
7.371415290e-03
7.411029612e-03
7.449287925e-03
7.486199829e-03
7.521776057e-03
7.556028445e-03
7.588969912e-03
7.620614423e-03
7.650976971e-03
7.680073538e-03
7.707921070e-03
7.734537444e-03
7.759941436e-03
7.784152688e-03
7.807191677e-03
7.829079674e-03
7.849838716e-03
7.869491568e-03
7.888061683e-03
7.905573174e-03
7.922050765e-03
7.937519764e-03
7.952006019e-03
7.965535881e-03
7.978136165e-03
7.989834110e-03
8.000657342e-03
8.010633831e-03
8.019791854e-03
8.028159954e-03
8.035766901e-03
8.042641648e-03
8.048813298e-03
8.054311058e-03
8.059164201e-03
8.063402026e-03
8.067053822e-03
8.070148822e-03
8.072716170e-03
8.074784878e-03
8.076383790e-03
8.077541544e-03
8.078286533e-03
8.078646867e-03
8.078650341e-03
8.078324393e-03
8.077696073e-03
8.076792004e-03
8.075638353e-03
8.074260792e-03
8.072684467e-03
8.070933970e-03
8.069033300e-03
8.067005840e-03
8.064874320e-03
8.062660797e-03
8.060386618e-03
8.058072400e-03
8.055738001e-03
8.053402496e-03
8.051084151e-03
8.048800403e-03
8.046567837e-03
8.044402165e-03
8.042318207e-03
8.040329872e-03
8.038450140e-03
8.036691049e-03
8.035063676e-03
8.033578126e-03
8.032243517e-03
8.031067972e-03
8.030058606e-03
8.029221520e-03
8.028561789e-03
8.028083462e-03
8.027789549e-03
8.027682027e-03
8.027761828e-03
8.028028845e-03
8.028481927e-03
8.029118884e-03
8.029936487e-03
8.030930476e-03
8.032095559e-03
8.033425426e-03
8.034912748e-03
8.036549196e-03
8.038325443e-03
8.040231179e-03
8.042255124e-03
8.044385042e-03
8.046607754e-03
8.048909158e-03
8.051274243e-03
8.053687110e-03
8.056130990e-03
8.058588266e-03
8.061040495e-03
8.063468433e-03
8.065852053e-03
8.068170577e-03
8.070402499e-03
8.072525611e-03
8.074517034e-03
8.076353244e-03
8.078010104e-03
8.079462892e-03
8.080686337e-03
8.081654646e-03
8.082341540e-03
8.082720288e-03
8.082763740e-03
8.082444363e-03
8.081734275e-03
8.080605283e-03
8.079028920e-03
8.076976482e-03
8.074419062e-03
8.071327595e-03
8.067672890e-03
8.063425674e-03
8.058556627e-03
8.053036424e-03
8.046835774e-03
8.039925458e-03
8.032276371e-03
8.023859564e-03
8.014646277e-03
8.004607987e-03
7.993716443e-03
7.981943707e-03
7.969262195e-03
7.955644716e-03
7.941064508e-03
7.925495285e-03
7.908911268e-03
7.891287226e-03
7.872598517e-03
7.852821121e-03
7.831931681e-03
7.809907537e-03
7.786726764e-03
7.762368207e-03
7.736811515e-03
7.710037177e-03
7.682026553e-03
7.652761910e-03
7.622226450e-03
7.590404346e-03
7.557280769e-03
7.522841916e-03
7.487075044e-03
7.449968491e-03
7.411511709e-03
7.371695283e-03
7.330510959e-03
7.287951669e-03
7.244011550e-03
7.198685965e-03
7.151971525e-03
7.103866106e-03
7.054368869e-03
7.003480272e-03
6.951202088e-03
6.897537419e-03
6.842490706e-03
6.786067740e-03
6.728275675e-03
6.669123033e-03
6.608619711e-03
6.546776988e-03
6.483607528e-03
6.419125383e-03
6.353345994e-03
6.286286190e-03
6.217964189e-03
6.148399591e-03
6.077613375e-03
6.005627894e-03
5.932466868e-03
5.858155370e-03
5.782719823e-03
5.706187980e-03
5.628588919e-03
5.549953021e-03
5.470311958e-03
5.389698673e-03
5.308147362e-03
5.225693454e-03
5.142373588e-03
5.058225589e-03
4.973288447e-03
4.887602286e-03
4.801208340e-03
4.714148923e-03
4.626467400e-03
4.538208157e-03
4.449416563e-03
4.360138944e-03
4.270422544e-03
4.180315489e-03
4.089866751e-03
3.999126109e-03
3.908144111e-03
3.816972033e-03
3.725661839e-03
3.634266137e-03
3.542838136e-03
3.451431605e-03
3.360100824e-03
3.268900543e-03
3.177885931e-03
3.087112533e-03
2.996636221e-03
2.906513144e-03
2.816799683e-03
2.727552396e-03
2.638827974e-03
2.550683187e-03
2.463174835e-03
2.376359697e-03
2.290294476e-03
2.205035755e-03
2.120639938e-03
2.037163201e-03
1.954661442e-03
1.873190224e-03
1.792804728e-03
1.713559698e-03
1.635509393e-03
1.558707529e-03
1.483207233e-03
1.409060989e-03
1.336320591e-03
1.265037086e-03
1.195260731e-03
1.127040939e-03
1.060426230e-03
9.954641870e-04
9.322014021e-04
8.706834341e-04
8.109547596e-04
7.530587287e-04
6.970375196e-04
6.429320949e-04
5.907821587e-04
5.406261145e-04
4.947326787e-04
4.527391567e-04
4.143137559e-04
3.791529494e-04
3.469790639e-04
3.175380744e-04
2.905975873e-04
2.659449956e-04
2.433857918e-04
2.227420247e-04
2.038508887e-04
1.865634324e-04
1.707433782e-04
1.562660428e-04
1.430173490e-04
1.308929227e-04
1.197972663e-04
1.096430028e-04
1.003501847e-04
9.184566121e-05
8.406249984e-05
7.693945717e-05
7.042049470e-05
6.445433601e-05
5.899406159e-05
5.399673821e-05
4.942307992e-05
4.523713780e-05
4.140601621e-05
3.789961321e-05
3.469038302e-05
3.175311875e-05
2.906475359e-05
2.660417891e-05
2.435207790e-05
2.229077329e-05
2.040408805e-05
1.867721797e-05
1.709661500e-05
1.564988060e-05
1.432566812e-05
1.311359343e-05
1.200415324e-05
1.098865029e-05
1.005912493e-05
9.208292496e-06
8.429486049e-06
7.716603919e-06
7.064061744e-06
6.466748579e-06
5.919986721e-06
5.419494957e-06
4.961354929e-06
4.541980351e-06
4.158088846e-06
3.806676172e-06
3.484992633e-06
3.190521496e-06
2.920959237e-06
2.674197463e-06
2.448306373e-06
2.241519617e-06
2.052220440e-06
1.878929006e-06
1.720290791e-06
1.575065965e-06
1.442119673e-06
1.320413141e-06
1.208995535e-06
1.106996509e-06
1.013619392e-06
9.281349404e-07
8.498756321e-07
7.782304366e-07
7.126400318e-07
6.525924245e-07
5.976189435e-07
5.472905709e-07
5.012145851e-07
4.590314881e-07
4.204121928e-07
3.850554490e-07
3.526854868e-07
3.230498608e-07
2.959174754e-07
2.710767784e-07
2.483341071e-07
2.275121750e-07
2.084486855e-07
1.909950646e-07
1.750152991e-07
1.603848747e-07
1.469898033e-07
1.347257323e-07
1.234971301e-07
1.132165398e-07
1.038038967e-07
9.518590303e-08
8.729545576e-08
8.007112310e-08
7.345666492e-08
6.740059395e-08
6.185577408e-08
5.677905258e-08
5.213092359e-08
4.787521989e-08
4.397883091e-08
4.041144453e-08
3.714531071e-08
3.415502517e-08
3.141733137e-08
2.891093918e-08
2.661635905e-08
2.451575002e-08
2.259278080e-08
2.083250248e-08
1.922123205e-08
1.774644590e-08
1.639668219e-08
1.516145161e-08
1.403115574e-08
1.299701223e-08
1.205098652e-08
1.118572919e-08
1.039451883e-08
9.671209685e-09
9.010183827e-09
8.406307438e-09
7.854890857e-09
7.351652094e-09
6.892683510e-09
6.474421416e-09
6.093618353e-09
5.747317822e-09
5.432831293e-09
5.147717291e-09
4.889762403e-09
4.656964063e-09
4.447514974e-09
4.259789053e-09
4.092328780e-09
3.943833857e-09
3.813151091e-09
3.699265422e-09
3.601292017e-09
3.518469381e-09
3.450153423e-09
3.395812433e-09
3.355022930e-09
3.327466348e-09
3.312926540e-09
3.311288069e-09
3.322535278e-09
3.346752143e-09
3.384122880e-09
3.434933342e-09
3.499573192e-09
3.578538880e-09
3.672437444e-09
3.781991171e-09
3.908043132e-09
4.051563666e-09
4.213657833e-09
4.395573908e-09
4.598712982e-09
4.824639736e-09
5.075094477e-09
5.329515662e-09
5.587663895e-09
5.849296129e-09
6.114165886e-09
6.382023489e-09
6.652616293e-09
6.925688915e-09
7.200983482e-09
7.478239859e-09
7.757195903e-09
8.037587701e-09
8.319149823e-09
8.601615566e-09
8.884717208e-09
9.168186262e-09
9.451753723e-09
9.735150332e-09
1.001810682e-08
1.030035417e-08
1.058162388e-08
1.086164819e-08
1.114016038e-08
1.141689498e-08
1.169158806e-08
1.196397745e-08
1.223380303e-08
1.250080695e-08
1.276473386e-08
1.302533122e-08
1.328234948e-08
1.353554236e-08
1.378466705e-08
1.402948449e-08
1.426975957e-08
1.450526137e-08
1.473576337e-08
1.496104372e-08
1.518088537e-08
1.539507636e-08
1.560341000e-08
1.580568506e-08
1.600170598e-08
1.619128307e-08
1.637423268e-08
1.655037740e-08
1.671954620e-08
1.688157466e-08
1.703630507e-08
1.718358663e-08
1.732327558e-08
1.745523537e-08
1.757933675e-08
1.769545795e-08
1.780348476e-08
1.790331071e-08
1.799483708e-08
1.807797312e-08
1.815263603e-08
1.821875114e-08
1.827625193e-08
1.832508012e-08
1.836518574e-08
1.839652716e-08
1.841907118e-08
1.843279303e-08
1.843767641e-08
1.843371353e-08
1.842090511e-08
1.839926036e-08
1.836879705e-08
1.832954142e-08
1.828152822e-08
1.822480064e-08
1.815941032e-08
1.808541725e-08
1.800288978e-08
1.791190451e-08
1.781254626e-08
1.770490795e-08
1.758909057e-08
1.746520306e-08
1.733336219e-08
1.719369249e-08
1.704632613e-08
1.689140276e-08
1.672906944e-08
1.655948045e-08
1.638279717e-08
1.619918791e-08
1.600882781e-08
1.581189858e-08
1.560858841e-08
1.539909176e-08
1.518360917e-08
1.496234707e-08
1.473551760e-08
1.450333839e-08
1.426603238e-08
1.402382755e-08
1.377695678e-08
1.352565755e-08
1.327017177e-08
1.301074550e-08
1.274762877e-08
1.248107529e-08
1.221134220e-08
1.193868989e-08
1.166338165e-08
1.138568351e-08
1.110586392e-08
1.082419351e-08
1.054094482e-08
1.025639205e-08
9.970810781e-09
9.684477717e-09
9.397670400e-09
9.110666951e-09
8.823745798e-09
8.537185398e-09
8.251263971e-09
7.966259225e-09
7.682448083e-09
7.400106414e-09
7.119508762e-09
6.840928075e-09
6.564635435e-09
6.290899798e-09
6.019987724e-09
5.752163114e-09
5.487686952e-09
5.226817049e-09
4.969807783e-09
4.716909855e-09
4.468370032e-09
4.224430911e-09
3.985330674e-09
3.751302853e-09
3.522576097e-09
3.299373946e-09
3.081914608e-09
2.870410743e-09
2.665069247e-09
2.466091051e-09
2.273670917e-09
2.087997241e-09
1.909251869e-09
1.737609913e-09
1.573239572e-09
1.416301967e-09
1.266950975e-09
1.125333078e-09
9.915872101e-10
8.658446190e-10
7.482287330e-10
6.388550344e-10
5.378309418e-10
4.452557001e-10
3.612202785e-10
2.858072761e-10
2.190908364e-10
1.611365700e-10
1.120014853e-10
7.173392756e-11
4.037352742e-11
1.795115692e-11
4.488894740e-12
