5.279703025e-09
2.111632316e-08
4.750239573e-08
8.442548553e-08
1.318681943e-07
1.898081707e-07
2.582181224e-07
3.370658307e-07
4.263141673e-07
5.259211136e-07
6.358397820e-07
7.560184400e-07
8.864005359e-07
1.026924727e-06
1.177524912e-06
1.338130259e-06
1.508665247e-06
1.689049698e-06
1.879198819e-06
2.079023243e-06
2.288429072e-06
2.507317923e-06
2.735586978e-06
2.973129030e-06
3.219832540e-06
3.475581685e-06
3.740256420e-06
4.013732533e-06
4.295881705e-06
4.586571572e-06
4.885665789e-06
5.193024096e-06
5.508502385e-06
5.831952768e-06
6.163223652e-06
6.502159805e-06
6.848602437e-06
7.202389270e-06
7.563354622e-06
7.931329480e-06
8.306141584e-06
8.687615510e-06
9.075572750e-06
9.469831799e-06
9.870208244e-06
1.027651485e-05
1.068856163e-05
1.110615599e-05
1.152910276e-05
1.195720429e-05
1.239026062e-05
1.282806946e-05
1.327042637e-05
1.371712485e-05
1.416795639e-05
1.462271061e-05
1.508117533e-05
1.554313672e-05
1.600837935e-05
1.647668629e-05
1.694783926e-05
1.742161870e-05
1.789780386e-05
1.837617295e-05
1.885650318e-05
1.933857094e-05
1.982215184e-05
2.030702084e-05
2.079295237e-05
2.127972041e-05
2.176709862e-05
2.225486043e-05
2.274277915e-05
2.323062807e-05
2.371818058e-05
2.420521027e-05
2.469149103e-05
2.517679715e-05
2.566090346e-05
2.614358538e-05
2.662461908e-05
2.710378155e-05
2.758085070e-05
2.805560550e-05
2.852782604e-05
2.899729365e-05
2.946379102e-05
2.992710227e-05
3.038701305e-05
3.084331069e-05
3.129578423e-05
3.174422455e-05
3.218842448e-05
3.262817888e-05
3.306328472e-05
3.349354121e-05
3.391874985e-05
3.433871456e-05
3.475324174e-05
3.516214040e-05
3.556522219e-05
3.596230154e-05
3.635319569e-05
3.673772485e-05
3.711571221e-05
3.748698405e-05
3.785136982e-05
3.820870223e-05
3.855881729e-05
3.890155444e-05
3.923675655e-05
3.956427007e-05
3.988394503e-05
4.019563515e-05
4.049919792e-05
4.079449460e-05
4.108139036e-05
4.135975427e-05
4.162945941e-05
4.189038291e-05
4.214240601e-05
4.238541409e-05
4.261929675e-05
4.284394785e-05
4.305926555e-05
4.326515235e-05
4.346151517e-05
4.364826535e-05
4.382531869e-05
4.399259551e-05
4.415002069e-05
4.429752366e-05
4.443503848e-05
4.456250382e-05
4.467986305e-05
4.478706418e-05
4.488405997e-05
4.497080787e-05
4.504727010e-05
4.511341362e-05
4.516921018e-05
4.521463629e-05
4.524967327e-05
4.527430723e-05
4.528852909e-05
4.529233454e-05
4.528572411e-05
4.526870310e-05
4.524128164e-05
4.520347459e-05
4.515530165e-05
4.509678724e-05
4.502796055e-05
4.494885550e-05
4.485951073e-05
4.475996959e-05
4.465028008e-05
4.453049486e-05
4.440067122e-05
4.426087103e-05
4.411116075e-05
4.395161133e-05
4.378229824e-05
4.360330141e-05
4.341470518e-05
4.321659826e-05
4.300907370e-05
4.279222885e-05
4.256616527e-05
4.233098875e-05
4.208680920e-05
4.183374061e-05
4.157190102e-05
4.130141243e-05
4.102240078e-05
4.073499585e-05
4.043933121e-05
4.013554420e-05
3.982377577e-05
3.950417053e-05
3.917687657e-05
3.884204549e-05
3.849983224e-05
3.815039510e-05
3.779389561e-05
3.743049846e-05
3.706037143e-05
3.668368531e-05
3.630061384e-05
3.591133357e-05
3.551602386e-05
3.511486673e-05
3.470804680e-05
3.429575121e-05
3.387816950e-05
3.345549359e-05
3.302791761e-05
3.259563787e-05
3.215885272e-05
3.171776253e-05
3.127256950e-05
3.082347765e-05
3.037069269e-05
2.991442193e-05
2.945487418e-05
2.899225964e-05
2.852678986e-05
2.805867757e-05
2.758813663e-05
2.711538191e-05
2.664062922e-05
2.616409515e-05
2.568599706e-05
2.520655290e-05
2.472598114e-05
2.424450070e-05
2.376233079e-05
2.327969086e-05
2.279680049e-05
2.231387928e-05
2.183114673e-05
2.134882219e-05
2.086712474e-05
2.038627305e-05
1.990648536e-05
1.942797931e-05
1.895097188e-05
1.847567927e-05
1.800231682e-05
1.753109893e-05
1.706223891e-05
1.659594894e-05
1.613243992e-05
1.567192143e-05
1.521460161e-05
1.476068707e-05
1.431038279e-05
1.386389203e-05
1.342141627e-05
1.298315506e-05
1.254930600e-05
1.212006460e-05
1.169562422e-05
1.127617597e-05
1.086190864e-05
1.045300862e-05
1.004965978e-05
9.652043443e-06
9.260338263e-06
8.874720171e-06
8.495362287e-06
8.133071041e-06
7.787081399e-06
7.456662700e-06
7.141117120e-06
6.839778202e-06
6.552009450e-06
6.277202989e-06
6.014778290e-06
5.764180939e-06
5.524881474e-06
5.296374268e-06
5.078176468e-06
4.869826970e-06
4.670885453e-06
4.480931451e-06
4.299563464e-06
4.126398117e-06
3.961069344e-06
3.803227626e-06
3.652539246e-06
3.508685593e-06
3.371362482e-06
3.240279523e-06
3.115159498e-06
2.995737786e-06
2.881761797e-06
2.772990447e-06
2.669193644e-06
2.570151805e-06
2.475655392e-06
2.385504472e-06
2.299508294e-06
2.217484887e-06
2.139260674e-06
2.064670111e-06
1.993555333e-06
1.925765823e-06
1.861158093e-06
1.799595384e-06
1.740947375e-06
1.685089910e-06
1.631904734e-06
1.581279245e-06
1.533106256e-06
1.487283768e-06
1.443714757e-06
1.402306966e-06
1.362972714e-06
1.325628709e-06
1.290195870e-06
1.256599167e-06
1.224767454e-06
1.194633325e-06
1.166132971e-06
1.139206044e-06
1.113795529e-06
1.089847625e-06
1.067311634e-06
1.046139850e-06
1.026287458e-06
1.007712446e-06
9.903755092e-07
9.742399709e-07
9.592717048e-07
9.454390632e-07
9.327128101e-07
9.210660601e-07
9.104742219e-07
9.009149466e-07
8.923680810e-07
8.848156255e-07
8.782416964e-07
8.726324931e-07
8.679762691e-07
8.642633079e-07
8.614859032e-07
8.596383431e-07
8.587168987e-07
8.587198168e-07
8.596473174e-07
8.615015944e-07
8.642868215e-07
8.680091616e-07
8.726767810e-07
8.782998676e-07
8.848906536e-07
8.924634422e-07
9.010346392e-07
9.106227890e-07
9.212486150e-07
9.329350648e-07
9.457073605e-07
9.595930532e-07
9.746220830e-07
9.908268441e-07
1.008242255e-06
1.026905836e-06
1.046857786e-06
1.068141075e-06
1.090801534e-06
1.114887957e-06
1.140452202e-06
1.167549309e-06
1.196237615e-06
1.226578884e-06
1.258638436e-06
1.292485293e-06
1.328192328e-06
1.365836419e-06
1.405498620e-06
1.447264334e-06
1.491223499e-06
1.537470783e-06
1.586105788e-06
1.637233266e-06
1.690963349e-06
1.747411782e-06
1.806700180e-06
1.868956287e-06
1.934314254e-06
2.002914931e-06
2.074906174e-06
2.150443161e-06
2.229688731e-06
2.312813739e-06
2.399997423e-06
2.491427798e-06
2.587302058e-06
2.687827008e-06
2.793219512e-06
2.903706964e-06
3.019527782e-06
3.140931924e-06
3.268181434e-06
3.401551008e-06
3.541328596e-06
3.687816020e-06
3.841329638e-06
4.002201027e-06
4.170777707e-06
4.347423893e-06
4.532521292e-06
4.726469929e-06
4.929689021e-06
5.142617887e-06
5.365716909e-06
5.599468525e-06
5.844378292e-06
6.100975976e-06
6.369816714e-06
6.651482218e-06
6.946582050e-06
7.255754942e-06
7.579670195e-06
7.919029139e-06
8.274566656e-06
8.647052793e-06
9.037294435e-06
9.446137068e-06
9.874466628e-06
1.032321143e-05
1.079334420e-05
1.128588420e-05
1.180189946e-05
1.234250908e-05
1.290888574e-05
1.350225819e-05
1.412391401e-05
1.477520236e-05
1.545753697e-05
1.617239924e-05
1.692134146e-05
1.770599020e-05
1.852804992e-05
1.938930667e-05
2.029163198e-05
2.123698701e-05
2.222742683e-05
2.326510492e-05
2.435227790e-05
2.549131047e-05
2.668468061e-05
2.793498502e-05
2.924494481e-05
3.061741151e-05
3.205537325e-05
3.356196145e-05
3.514045757e-05
3.679430044e-05
3.852709374e-05
4.034261396e-05
4.224481872e-05
4.423785544e-05
4.632607052e-05
4.851401887e-05
5.080647397e-05
5.320843838e-05
5.572515473e-05
5.836211735e-05
6.112508433e-05
6.402009022e-05
6.705345940e-05
7.023181996e-05
7.356211840e-05
7.705163496e-05
8.070799966e-05
8.453920923e-05
8.855364473e-05
9.276009011e-05
9.716775165e-05
1.017862783e-04
1.066257831e-04
1.116968655e-04
1.170106348e-04
1.225787350e-04
1.284133704e-04
1.345273326e-04
1.409340291e-04
1.476475129e-04
1.546825138e-04
1.620544708e-04
1.697795670e-04
1.778747649e-04
1.863578445e-04
1.952474429e-04
2.045630954e-04
2.143252792e-04
2.245554592e-04
2.352761355e-04
2.465108934e-04
2.582844566e-04
2.706227416e-04
2.835529162e-04
2.971034594e-04
3.113042259e-04
3.261865117e-04
3.417831252e-04
3.581284596e-04
3.752585703e-04
3.932112555e-04
4.120261409e-04
4.317447681e-04
4.524106883e-04
4.740695593e-04
4.967692482e-04
5.205599389e-04
5.454942445e-04
5.716273257e-04
5.990170146e-04
6.277239448e-04
6.578116877e-04
6.884852197e-04
7.197339877e-04
7.515472721e-04
7.839141920e-04
8.168237106e-04
8.502646405e-04
8.842256495e-04
9.186952654e-04
9.536618821e-04
9.891137650e-04
1.025039056e-03
1.061425781e-03
1.098261853e-03
1.135535079e-03
1.173233167e-03
1.211343728e-03
1.249854288e-03
1.288752287e-03
1.328025089e-03
1.367659986e-03
1.407644205e-03
1.447964913e-03
1.488609224e-03
1.529564202e-03
1.570816871e-03
1.612354217e-03
1.654163196e-03
1.696230738e-03
1.738543757e-03
1.781089150e-03
1.823853809e-03
1.866824624e-03
1.909988487e-03
1.953332302e-03
1.996842986e-03
2.040507480e-03
2.084312749e-03
2.128245790e-03
2.172293639e-03
2.216443373e-03
2.260682119e-03
2.304997058e-03
2.349375428e-03
2.393804534e-03
2.438271748e-03
2.482764519e-03
2.527270375e-03
2.571776928e-03
2.616271881e-03
2.660743030e-03
2.705178274e-03
2.749565612e-03
2.793893155e-03
2.838149127e-03
2.882321870e-03
2.926399848e-03
2.970371652e-03
3.014226007e-03
3.057951770e-03
3.101537940e-03
3.144973657e-03
3.188248212e-03
3.231351046e-03
3.274271755e-03
3.317000094e-03
3.359525980e-03
3.401839498e-03
3.443930901e-03
3.485790613e-03
3.527409237e-03
3.568777554e-03
3.609886525e-03
3.650727297e-03
3.691291206e-03
3.731569776e-03
3.771554724e-03
3.811237963e-03
3.850611603e-03
3.889667954e-03
3.928399527e-03
3.966799038e-03
4.004859408e-03
4.042573765e-03
4.079935447e-03
4.116938002e-03
4.153575189e-03
4.189840984e-03
4.225729574e-03
4.261235363e-03
4.296352971e-03
4.331077237e-03
4.365403216e-03
4.399326184e-03
4.432841635e-03
4.465945283e-03
4.498633063e-03
4.530901128e-03
4.562745854e-03
4.594163835e-03
4.625151886e-03
4.655707041e-03
4.685826554e-03
4.715507897e-03
4.744748762e-03
4.773547055e-03
4.801900902e-03
4.829808644e-03
4.857268834e-03
4.884280241e-03
4.910841845e-03
4.936952837e-03
4.962612618e-03
4.987820794e-03
5.012577181e-03
5.036881795e-03
5.060734857e-03
5.084136788e-03
5.107088206e-03
5.129589925e-03
5.151642955e-03
5.173248494e-03
5.194407931e-03
5.215122843e-03
5.235394986e-03
5.255226301e-03
5.274618906e-03
5.293575095e-03
5.312097332e-03
5.330188252e-03
5.347850657e-03
5.365087511e-03
5.381901937e-03
5.398297216e-03
5.414276780e-03
5.429844213e-03
5.445003241e-03
5.459757737e-03
5.474111709e-03
5.488069303e-03
5.501634792e-03
5.514812580e-03
5.527607193e-03
5.540023277e-03
5.552065592e-03
5.563739011e-03
5.575048514e-03
5.585999183e-03
5.596596201e-03
5.606844844e-03
5.616750481e-03
5.626318565e-03
5.635554631e-03
5.644464295e-03
5.653053242e-03
5.661327230e-03
5.669292078e-03
5.676953669e-03
5.684317939e-03
5.691390877e-03
5.698178518e-03
5.704686940e-03
5.710922260e-03
5.716890626e-03
5.722598217e-03
5.728051238e-03
5.733255911e-03
5.738218477e-03
5.742945187e-03
5.747442297e-03
5.751716070e-03
5.755772763e-03
5.759618629e-03
5.763259910e-03
5.766702833e-03
5.769953606e-03
5.773018412e-03
5.775903409e-03
5.778614720e-03
5.781158436e-03
5.783540603e-03
5.785767226e-03
5.787844260e-03
5.789777609e-03
5.791573119e-03
5.793236575e-03
5.794773702e-03
5.796190151e-03
5.797491507e-03
5.798683275e-03
5.799770883e-03
5.800759677e-03
5.801654914e-03
5.802461763e-03
5.803185301e-03
5.803830506e-03
5.804402257e-03
5.804905332e-03
5.805344400e-03
5.805724022e-03
5.806048649e-03
5.806322613e-03
5.806550130e-03
5.806735298e-03
5.806882087e-03
5.806994345e-03
5.807075789e-03
5.807130008e-03
5.807160455e-03
5.807170450e-03
5.807163175e-03
5.807141673e-03
5.807108843e-03
5.807067444e-03
5.807020089e-03
5.806969243e-03
5.806917223e-03
5.806866198e-03
5.806818183e-03
5.806775044e-03
5.806738489e-03
5.806710075e-03
5.806691201e-03
5.806683110e-03
5.806686888e-03
5.806703461e-03
5.806733598e-03
5.806777908e-03
5.806836841e-03
5.806910685e-03
5.806999571e-03
5.807103466e-03
5.807222180e-03
5.807355362e-03
5.807502500e-03
5.807662922e-03
5.807835799e-03
5.808020142e-03
5.808214804e-03
5.808418482e-03
5.808629713e-03
5.808846882e-03
5.809068219e-03
5.809291799e-03
5.809515546e-03
5.809737233e-03
5.809954483e-03
5.810164771e-03
5.810365427e-03
5.810553635e-03
5.810726437e-03
5.810880734e-03
5.811013287e-03
5.811120722e-03
5.811199529e-03
5.811246065e-03
5.811256559e-03
5.811227110e-03
5.811153695e-03
5.811032164e-03
5.810858251e-03
5.810627571e-03
5.810335626e-03
5.809977804e-03
5.809549389e-03
5.809045555e-03
5.808461378e-03
5.807791832e-03
5.807031796e-03
5.806176059e-03
5.805219319e-03
5.804156189e-03
5.802981199e-03
5.801688804e-03
5.800273382e-03
5.798729241e-03
5.797050620e-03
5.795231700e-03
5.793266596e-03
5.791149373e-03
5.788874042e-03
5.786434567e-03
5.783824870e-03
5.781038832e-03
5.778070300e-03
5.774913091e-03
5.771560993e-03
5.768007775e-03
5.764247185e-03
5.760272958e-03
5.756078822e-03
5.751658496e-03
5.747005702e-03
5.742114163e-03
5.736977612e-03
5.731589794e-03
5.725944470e-03
5.720035425e-03
5.713856467e-03
5.707401437e-03
5.700664209e-03
5.693638698e-03
5.686318860e-03
5.678698702e-03
5.670772283e-03
5.662533719e-03
5.653977186e-03
5.645096928e-03
5.635887259e-03
5.626342566e-03
5.616457317e-03
5.606226062e-03
5.595643440e-03
5.584704180e-03
5.573403109e-03
5.561735152e-03
5.549695341e-03
5.537278815e-03
5.524480825e-03
5.511296741e-03
5.497722052e-03
5.483752371e-03
5.469383441e-03
5.454611136e-03
5.439431467e-03
5.423840584e-03
5.407834781e-03
5.391410499e-03
5.374564330e-03
5.357293018e-03
5.339593467e-03
5.321462741e-03
5.302898066e-03
5.283896839e-03
5.264456623e-03
5.244575158e-03
5.224250359e-03
5.203480320e-03
5.182263315e-03
5.160597808e-03
5.138482444e-03
5.115916062e-03
5.092897692e-03
5.069426559e-03
5.045502083e-03
5.021123886e-03
4.996291789e-03
4.971005817e-03
4.945266198e-03
4.919073370e-03
4.892427977e-03
4.865330873e-03
4.837783125e-03
4.809786011e-03
4.781341024e-03
4.752449871e-03
4.723114477e-03
4.693336983e-03
4.663119748e-03
4.632465349e-03
4.601376585e-03
4.569856472e-03
4.537908247e-03
4.505535368e-03
4.472741512e-03
4.439530578e-03
4.405906686e-03
4.371874175e-03
4.337437605e-03
4.302601754e-03
4.267371622e-03
4.231752425e-03
4.195749597e-03
4.159368791e-03
4.122615873e-03
4.085496925e-03
4.048018242e-03
4.010186332e-03
3.972007913e-03
3.933489913e-03
3.894639466e-03
3.855463913e-03
3.815970798e-03
3.776167867e-03
3.736063066e-03
3.695664537e-03
3.654980618e-03
3.614019841e-03
3.572790925e-03
3.531302778e-03
3.489564493e-03
3.447585343e-03
3.405374781e-03
3.362942435e-03
3.320298106e-03
3.277451762e-03
3.234413539e-03
3.191193734e-03
3.147802803e-03
3.104251357e-03
3.060550156e-03
3.016710109e-03
2.972742270e-03
2.928657828e-03
2.884468110e-03
2.840184572e-03
2.795818798e-03
2.751382494e-03
2.706887481e-03
2.662345696e-03
2.617769184e-03
2.573170091e-03
2.528560665e-03
2.483953247e-03
2.439360266e-03
2.394794236e-03
2.350267750e-03
2.305793476e-03
2.261384149e-03
2.217052568e-03
2.172811591e-03
2.128674129e-03
2.084653139e-03
2.040761621e-03
1.997012613e-03
1.953419183e-03
1.909994423e-03
1.866751447e-03
1.823703384e-03
1.780863369e-03
1.738244543e-03
1.695860041e-03
1.653722992e-03
1.611846511e-03
1.570243691e-03
1.528927600e-03
1.487911276e-03
1.447207717e-03
1.406829880e-03
1.366790671e-03
1.327102942e-03
1.287779485e-03
1.248833025e-03
1.210276213e-03
1.172121624e-03
1.134381748e-03
1.097068986e-03
1.060195641e-03
1.023773919e-03
9.878159148e-04
9.523336129e-04
9.173388789e-04
8.828434542e-04
8.488589509e-04
8.153968460e-04
7.824684756e-04
7.500850300e-04
7.182575476e-04
6.869969103e-04
6.563138374e-04
6.262188810e-04
5.967224203e-04
5.678346567e-04
5.395656086e-04
5.119251064e-04
4.849227876e-04
4.585680920e-04
4.328702565e-04
4.078383108e-04
3.834810726e-04
3.598071427e-04
3.368249013e-04
3.145425025e-04
2.929678709e-04
2.721086970e-04
2.519724329e-04
2.325662887e-04
2.138972280e-04
1.959719645e-04
1.787969580e-04
1.623784109e-04
1.467222644e-04
1.318341955e-04
1.177196133e-04
1.043836558e-04
9.183118702e-05
8.006679387e-05
6.909478328e-05
5.891917941e-05
4.954372111e-05
4.097185932e-05
3.320675470e-05
2.625127537e-05
2.010799474e-05
1.477918951e-05
1.026683777e-05
6.572617217e-06
3.697903553e-06
1.643768958e-06
4.109807204e-07
